Timestamp, Error x, Error y, Error z, Error, Quadratic Error
1615456674.400866700,0.0699231,-0.0804397,-0.0333891,-0.0320157,0.00102501
1615456674.455515800,0.0913008,-0.0969401,-0.01396,-0.0234021,0.000547658
1615456674.471224800,0.104407,-0.10996,0.00123475,-0.0193993,0.000376335
1615456674.481046700,0.107497,-0.112652,0.00474734,-0.0183289,0.000335949
1615456674.521168600,0.119544,-0.122463,0.0184075,-0.0140534,0.000197498
1615456674.680816600,0.135652,-0.13371,0.0381509,-0.00715309,5.11667e-05
1615456674.701435200,0.138091,-0.134722,0.040938,-0.00574392,3.29926e-05
1615456674.805525400,0.147706,-0.135528,0.048882,0.000858724,7.37407e-07
1615456674.820372900,0.153999,-0.136181,0.052309,0.00419807,1.76238e-05
1615456674.870449400,0.156242,-0.136322,0.0531532,0.00528139,2.78931e-05
1615456674.890452300,0.189147,-0.133768,0.0563386,0.0201459,0.000405857
1615456674.971688000,0.192433,-0.134868,0.0451222,0.0151752,0.000230286
1615456675.5361900,0.194318,-0.133066,0.0378449,0.0138531,0.000191908
1615456675.30806100,0.195639,-0.133525,0.0306029,0.0104284,0.000108751
1615456675.70717500,0.196424,-0.137153,0.0220323,0.0035314,1.24708e-05
1615456675.120364200,0.196952,-0.139073,0.0199433,0.00109601,1.20124e-06
1615456675.185788400,0.197927,-0.140316,0.0193795,9.42945e-05,8.89146e-09
1615456675.255541300,0.146002,-0.04911,0.053855,0.0483475,0.00233748
1615456675.380848700,0.0980085,-0.0302126,0.0148557,0.0191141,0.00036535
1615456675.390696700,0.0964518,-0.0301172,0.0148793,0.0183551,0.000336909
1615456675.440639700,0.0846743,-0.0231375,0.00297231,0.0129676,0.000168158
1615456675.570870500,0.0534261,-0.0237843,-0.0143841,-0.00804508,6.47233e-05
1615456675.590909200,0.0503854,-0.0258982,-0.0144646,-0.0109105,0.000119039
1615456675.690975600,0.0360904,-0.0289519,0.00232946,-0.0108938,0.000118674
1615456675.705655600,0.0343657,-0.0282812,0.00365757,-0.0103717,0.000107573
1615456675.771330400,0.0366153,-0.0310236,0.0217324,-0.00360608,1.30038e-05
1615456675.825488000,0.0378407,-0.03207,0.0433506,0.00545406,2.97468e-05
1615456675.841502500,0.03849,-0.0328007,0.0523881,0.00897729,8.05918e-05
1615456675.890619000,0.0403118,-0.0333617,0.074568,0.0185598,0.000344464
1615456675.901448900,0.0419625,-0.0330394,0.0858996,0.0240294,0.000577414
1615456675.923810000,0.0418379,-0.0330025,0.0964554,0.0281342,0.000791535
1615456675.941449500,0.0432004,-0.0316601,0.10856,0.0344431,0.00118633
1615456675.971058500,0.0444323,-0.0299162,0.126156,0.0429147,0.00184168
1615456675.994413500,0.0450019,-0.0288872,0.136877,0.0476901,0.00227434
1615456676.10612400,0.0451653,-0.0287803,0.146584,0.0509955,0.00260054
1615456676.21162500,0.0458282,-0.0274583,0.152748,0.05448,0.00296807
1615456676.40808700,0.0463232,-0.0265158,0.15826,0.0572559,0.00327823
1615456676.60565000,0.0460497,-0.0260434,0.167984,0.0605627,0.00366784
1615456676.71184500,0.0456716,-0.0258294,0.172106,0.0616296,0.00379821
1615456676.91279700,0.0450425,-0.0248993,0.180791,0.0645188,0.00416268
1615456676.101063800,0.0451126,-0.0241909,0.184752,0.0660172,0.00435826
1615456676.125691800,0.039917,-0.0338087,0.203086,0.0600747,0.00360898
1615456676.141257900,0.0360646,-0.0375395,0.207336,0.0561537,0.00315324
1615456676.155634300,0.0424251,-0.0292145,0.218783,0.067784,0.00459467
1615456676.221478200,0.0410157,-0.0264012,0.233293,0.0710386,0.00504648
1615456676.261158600,0.0381419,-0.0286843,0.250922,0.0695882,0.00484252
1615456676.290718800,0.0371161,-0.0279826,0.265065,0.0709009,0.00502693
1615456676.305393100,0.0362653,-0.0280073,0.26835,0.0700759,0.00491064
1615456676.321072300,0.0342796,-0.029124,0.282467,0.069086,0.00477287
1615456676.340967800,0.0333401,-0.0292078,0.28709,0.0688193,0.0047361
1615456676.381166200,0.0319833,-0.0297385,0.300779,0.0677427,0.00458907
1615456676.390969900,0.029684,-0.0311031,0.315922,0.0656933,0.0043156
1615456676.431104300,0.0287972,-0.03092,0.320323,0.0651167,0.00424019
1615456676.460719300,0.0284177,-0.0303209,0.323679,0.064573,0.00416967
1615456676.471061800,0.023783,-0.0325993,0.347484,0.0600537,0.00360645
1615456676.490520600,0.0212239,-0.0329593,0.359823,0.0576221,0.0033203
1615456676.510457100,0.0186593,-0.0337332,0.367236,0.0551897,0.0030459
1615456676.520777100,0.0178182,-0.0332294,0.369935,0.0545583,0.00297661
1615456676.540661300,0.0153744,-0.0339632,0.376393,0.0522337,0.00272836
1615456676.550835800,0.0144139,-0.033905,0.378563,0.0511211,0.00261337
1615456676.601035100,0.011306,-0.0339492,0.38247,0.0473613,0.00224309
1615456676.690520600,0.00280229,-0.0363066,0.379062,0.0344592,0.00118744
1615456676.720849900,0.00119964,-0.0367491,0.368736,0.0294049,0.000864647
1615456676.740866200,0.00103958,-0.0375783,0.360913,0.0263905,0.000696458
1615456676.761400800,0.000675796,-0.0374062,0.357711,0.0255272,0.00065164
1615456676.775708300,0.00131577,-0.0376681,0.349857,0.0228729,0.000523171
1615456676.791092800,0.00115075,-0.0372159,0.341373,0.0202616,0.000410534
1615456676.821491600,0.00074204,-0.0355915,0.329626,0.0174946,0.00030606
1615456676.840559100,0.00280495,-0.0352393,0.311294,0.0163067,0.000265908
1615456676.851402000,0.0016708,-0.0357293,0.301283,0.0126165,0.000159175
1615456676.871347900,0.00101326,-0.0359866,0.28752,0.00912571,8.32786e-05
1615456676.891409500,0.00148461,-0.0354705,0.27918,0.00790757,6.25297e-05
1615456676.971285900,0.00482527,-0.0323701,0.226676,0.000791728,6.26834e-07
1615456676.991427000,0.0083104,-0.0321068,0.205899,0.000173509,3.01054e-08
1615456677.10563200,0.00873933,-0.0314711,0.193848,-0.000587881,3.45604e-07
1615456677.20883600,0.00954112,-0.0310187,0.185523,-0.00129771,1.68406e-06
1615456677.40659500,0.00947365,-0.0306696,0.173595,-0.00346202,1.19856e-05
1615456677.50879900,0.012093,-0.0298911,0.158423,-0.00317514,1.00815e-05
1615456677.75594600,0.0145395,-0.0279977,0.140055,-0.00277191,7.68351e-06
1615456677.91175200,0.0159984,-0.0273693,0.126641,-0.00342172,1.17082e-05
1615456677.121323300,0.0177545,-0.02504,0.103785,-0.00457561,2.09362e-05
1615456677.191510100,0.0239739,-0.0205667,0.0420102,-0.00663137,4.39751e-05
1615456677.220799200,0.0289103,-0.0199836,0.00964008,-0.00838411,7.02933e-05
1615456677.251145600,0.030782,-0.0176103,-0.0125989,-0.00824881,6.80428e-05
1615456677.341443000,0.0395971,-0.0105255,-0.0755114,-0.00533569,2.84696e-05
1615456677.375776800,0.0452276,-0.00863326,-0.127227,-0.00882667,7.79102e-05
1615456677.390966400,0.0470912,-0.00819511,-0.14,-0.00889409,7.91048e-05
1615456677.410613800,0.0488463,-0.0072979,-0.150716,-0.00853229,7.27999e-05
1615456677.441426200,0.0527151,-0.00627079,-0.177885,-0.0094617,8.95238e-05
1615456677.460431700,0.0550707,-0.0074587,-0.198966,-0.013173,0.000173529
1615456677.470825200,0.0554389,-0.00752363,-0.210489,-0.0140697,0.000197957
1615456677.490624200,0.0566134,-0.00705596,-0.227987,-0.0169072,0.000285852
1615456677.525536900,0.0592145,-0.0076945,-0.245993,-0.0187688,0.000352267
1615456677.540551700,0.06075,-0.00775388,-0.251202,-0.0197037,0.000388235
1615456677.550724100,0.0608054,-0.00780009,-0.262126,-0.0224572,0.000504328
1615456677.575733700,0.06137,-0.0075344,-0.274851,-0.0245695,0.000603658
1615456677.591338100,0.0612458,-0.00849684,-0.279627,-0.0269637,0.000727042
1615456677.605514800,0.0613786,-0.0088441,-0.287633,-0.0302781,0.000916766
1615456677.620808200,0.0604343,-0.00911827,-0.300368,-0.0358673,0.00128646
1615456677.641358300,0.0602499,-0.00877062,-0.310358,-0.0387044,0.00149803
1615456677.695642700,0.0581513,-0.00986079,-0.312054,-0.0424742,0.00180405
1615456677.701524000,0.0569102,-0.00942817,-0.325045,-0.047603,0.00226604
1615456677.721060700,0.0554886,-0.00974438,-0.325726,-0.0503429,0.0025344
1615456677.741078500,0.051712,-0.0104737,-0.338461,-0.059437,0.00353275
1615456677.771323500,0.0487467,-0.0108336,-0.342208,-0.0644931,0.00415936
1615456677.791366800,0.0454544,-0.0103746,-0.339877,-0.0672485,0.00452236
1615456677.891148200,0.0300355,-0.0145671,-0.339056,-0.0924801,0.00855256
1615456677.900947600,0.0281148,-0.0150211,-0.34144,-0.0956276,0.00914464
1615456677.940794500,0.0225648,-0.0145,-0.333346,-0.0998976,0.00997953
1615456677.960717400,0.0206052,-0.0138266,-0.327144,-0.100324,0.010065
1615456677.971406900,0.0190743,-0.0129334,-0.323744,-0.100593,0.0101189
1615456677.990999800,0.0173781,-0.0131697,-0.319977,-0.101488,0.0102998
1615456678.10897000,0.0166898,-0.0135632,-0.315325,-0.101757,0.0103544
1615456678.24647300,0.0147371,-0.0142452,-0.307042,-0.102072,0.0104188
1615456678.40675500,0.0140272,-0.0135808,-0.299514,-0.10073,0.0101465
1615456678.71174800,0.0138475,-0.0123705,-0.283754,-0.0960543,0.00922642
1615456678.91221400,0.0129835,-0.0127607,-0.27343,-0.0950161,0.00902805
1615456678.110508600,0.0133336,-0.0132082,-0.263274,-0.0924314,0.00854356
1615456678.120939300,0.0132318,-0.0128857,-0.252566,-0.0890712,0.00793367
1615456678.140913400,0.0135171,-0.0123559,-0.239497,-0.0849841,0.0072223
1615456678.151357500,0.0139304,-0.0122045,-0.230435,-0.0824311,0.00679488
1615456678.271697800,0.0149327,-0.0131654,-0.147543,-0.0587335,0.00344963
1615456678.291138700,0.0171644,-0.0114418,-0.124103,-0.0483795,0.00234057
1615456678.300792900,0.0179045,-0.0132132,-0.114907,-0.0467511,0.00218567
1615456678.350825200,0.0190625,-0.015014,-0.0749372,-0.0344042,0.00118365
1615456678.371638200,0.019759,-0.0140122,-0.0575925,-0.027348,0.000747912
1615456678.400749900,0.0215844,-0.0150917,-0.0297184,-0.0179306,0.000321505
1615456678.531708300,0.0267426,-0.0129604,0.0656407,0.0195637,0.00038274
1615456678.541411300,0.0285816,-0.0132896,0.0819922,0.0256706,0.000658982
1615456678.571375200,0.0300846,-0.0137634,0.106462,0.0344108,0.00118411
1615456678.591366500,0.0317674,-0.0141447,0.12286,0.0402954,0.00162372
1615456678.610873500,0.0315359,-0.0143159,0.130636,0.04273,0.00182585
1615456678.621086700,0.0337214,-0.0150801,0.153404,0.0501736,0.00251739
1615456678.805460700,0.0381249,-0.0207717,0.295954,0.0895844,0.00802537
1615456678.891183700,0.0336251,-0.0245393,0.359835,0.0950924,0.00904257
1615456678.910601600,0.0332408,-0.0251372,0.364738,0.0943034,0.00889314
1615456678.920886700,0.0319785,-0.0265217,0.370265,0.0929245,0.00863496
1615456678.940576800,0.0280144,-0.0282981,0.386495,0.0898379,0.00807085
1615456679.42028900,0.00915353,-0.0316217,0.436557,0.0704505,0.00496328
1615456679.70823200,0.00534807,-0.0317205,0.430171,0.0624318,0.00389772
1615456679.91532200,0.00150233,-0.0322923,0.438338,0.0582266,0.00339034
1615456679.210469400,-0.0231207,-0.0302617,0.442876,0.0250427,0.000627137
1615456679.240990800,-0.0270561,-0.0291098,0.436543,0.0180764,0.000326755
1615456679.255800100,-0.0295612,-0.0286057,0.430481,0.0146708,0.000215232
1615456679.271540700,-0.0298145,-0.0280594,0.423817,0.0121291,0.000147114
1615456679.300955100,-0.0291539,-0.0264499,0.411168,0.00976092,9.52755e-05
1615456679.320892700,-0.0295804,-0.0256437,0.401817,0.0071342,5.08968e-05
1615456679.340844500,-0.0295049,-0.0249941,0.392489,0.00508636,2.58711e-05
1615456679.355810200,-0.0268984,-0.0241298,0.382487,0.0066483,4.41999e-05
1615456679.375857800,-0.0254519,-0.0230083,0.370335,0.00648028,4.1994e-05
1615456679.390765100,-0.0242745,-0.0219245,0.355787,0.00584829,3.42025e-05
1615456679.430789000,-0.0236044,-0.019609,0.333883,0.00396931,1.57554e-05
1615456679.921126000,0.054576,0.0230849,-0.152035,0.0210432,0.000442815
1615456679.960732300,0.0607658,0.0260095,-0.181895,0.0233431,0.0005449
1615456679.975610400,0.0640083,0.028113,-0.207498,0.0218852,0.000478963
1615456679.990877400,0.0657417,0.0285179,-0.227685,0.0196807,0.000387331
1615456680.5551400,0.0692335,0.0299447,-0.247308,0.0214263,0.000459085
1615456680.53961800,0.0753341,0.0297729,-0.286523,0.0199164,0.000396661
1615456680.105593000,0.0773466,0.0342574,-0.351169,0.0103672,0.000107479
1615456680.821173000,0.0133805,-0.00689773,-0.127119,-0.0477828,0.00228319
1615456680.872040100,0.0127177,-0.00725943,-0.0848464,-0.034438,0.00118597
1615456680.890902600,0.0132346,-0.00885376,-0.0623437,-0.0273061,0.000745622
1615456680.901476500,0.0156146,-0.0113659,-0.0319469,-0.0174806,0.00030557
1615456680.921607600,0.0172518,-0.0128974,-0.0136016,-0.0119982,0.000143958
1615456680.951083500,0.0172496,-0.0157051,0.00850414,-0.00643069,4.13537e-05
1615456681.125811700,0.0315529,-0.0206808,0.130352,0.043246,0.00187021
1615456681.140984800,0.0300299,-0.0230551,0.216336,0.063932,0.0040873
1615456681.151435500,0.0205134,-0.0239585,0.306121,0.0724424,0.0052479
1615456681.172019500,0.0218408,-0.0255572,0.318797,0.0748544,0.00560319
1615456681.193539500,0.0177159,-0.0267977,0.355731,0.0755185,0.00570305
1615456681.220779400,0.0140314,-0.0284151,0.381306,0.0760469,0.00578313
1615456681.260889300,0.010785,-0.0305139,0.407381,0.0761734,0.00580238
1615456681.281202500,0.0102838,-0.0303703,0.414931,0.0764015,0.00583719
1615456681.310428300,0.00950813,-0.0303727,0.424294,0.0773752,0.00598693
1615456681.451409100,-0.0181994,-0.032384,0.493256,0.0511717,0.00261854
1615456681.500946400,-0.0211413,-0.0320352,0.485621,0.0446217,0.0019911
1615456681.521092500,-0.0275198,-0.0326429,0.487308,0.03601,0.00129672
1615456681.551498100,-0.0295251,-0.0317633,0.482588,0.0322242,0.0010384
1615456681.560746200,-0.0314649,-0.0307957,0.477583,0.0295684,0.000874292
1615456681.573176300,-0.0317753,-0.0304594,0.475622,0.0289418,0.000837628
1615456681.610664500,-0.0323002,-0.0293306,0.460013,0.0242926,0.00059013
1615456681.620864700,-0.0325363,-0.029369,0.454792,0.0223669,0.000500277
1615456681.640902800,-0.0319981,-0.0288951,0.445184,0.0201978,0.000407951
1615456681.705775100,-0.0360042,-0.0256338,0.410661,0.00753301,5.67463e-05
1615456681.811025100,-0.021426,-0.0155595,0.319961,0.010071,0.000101426
1615456681.825703800,-0.0210709,-0.0136475,0.304413,0.0083521,6.97576e-05
1615456681.840744400,-0.0202201,-0.0122419,0.29241,0.00766414,5.87391e-05
1615456681.891423200,-0.0163426,-0.0107464,0.249371,0.00218672,4.78173e-06
1615456681.910706800,-0.0150629,-0.00993321,0.24119,0.00266421,7.09801e-06
1615456681.940699200,-0.0137498,-0.00797592,0.212013,-0.000898123,8.06625e-07
1615456682.59792300,-0.00446238,-0.00602564,0.131938,-0.00746512,5.57281e-05
1615456682.91081400,0.00321962,-0.00329733,0.0978855,-0.00255752,6.54089e-06
1615456682.141256500,0.0224335,0.00346561,0.0182268,0.0100753,0.000101512
1615456682.221217800,0.0468161,0.0106654,-0.0695767,0.0240545,0.00057862
1615456682.310678600,0.0654073,0.0179146,-0.130038,0.0398993,0.00159196
1615456682.374176000,0.0752572,0.0200678,-0.16369,0.0490636,0.00240724
1615456682.450761600,0.0856741,0.0263495,-0.211716,0.0550472,0.00303019
1615456682.491142400,0.0879796,0.0266217,-0.218182,0.0554033,0.00306952
1615456682.510549800,0.0922913,0.0293273,-0.258516,0.0496887,0.00246897
1615456682.520698800,0.0937562,0.0301228,-0.271033,0.048307,0.00233357
1615456682.690939200,0.07963,0.0258919,-0.298407,0.0156456,0.000244784
1615456682.725716200,0.0685699,0.0243202,-0.369241,-0.0227507,0.000517593
1615456682.756245200,0.0591346,0.0217316,-0.373531,-0.0376676,0.00141885
1615456682.775303900,0.0535544,0.0206385,-0.380243,-0.0475233,0.00225847
1615456682.801274900,0.0492176,0.0177773,-0.376699,-0.0558284,0.00311681
1615456682.841139000,0.0429024,0.0150988,-0.361092,-0.0635794,0.00404235
1615456682.861375600,0.0412519,0.0133282,-0.355142,-0.0656011,0.0043035
1615456682.875864600,0.0398217,0.0119525,-0.346162,-0.0659612,0.00435089
1615456682.891312400,0.0375582,0.0112275,-0.336353,-0.0668369,0.00446717
1615456682.910394600,0.0355765,0.00976379,-0.324996,-0.0673012,0.00452945
1615456682.930565400,0.034884,0.00884245,-0.309729,-0.0655391,0.00429538
1615456682.940833800,0.0330606,0.00743545,-0.301917,-0.066276,0.0043925
1615456682.975659200,0.0291346,0.00566252,-0.278431,-0.066197,0.00438205
1615456682.990931500,0.0275167,0.00440283,-0.262244,-0.0645874,0.00417153
1615456683.1433200,0.0265201,0.00324761,-0.255504,-0.0643235,0.00413751
1615456683.21117800,0.0262552,0.00257822,-0.242565,-0.0627699,0.00394007
1615456683.41284400,0.0274078,0.000873775,-0.228588,-0.0592557,0.00351123
1615456683.60694500,0.0266065,-0.00126954,-0.213676,-0.0586272,0.00343715
1615456683.76431600,0.0253912,-0.00300012,-0.197692,-0.0563439,0.00317464
1615456683.240899300,0.0214644,-0.00965655,-0.0447063,-0.018163,0.000329893
1615456683.255571300,0.0208825,-0.00955159,-0.0313894,-0.0139446,0.000194453
1615456683.291335600,0.0204362,-0.0109893,-0.00881988,-0.00797415,6.3587e-05
1615456683.305586100,0.0191588,-0.0122842,0.00403935,-0.0050534,2.55369e-05
1615456683.341450200,0.0188704,-0.0128624,0.0386283,0.00621867,3.86719e-05
1615456683.376351000,0.0217222,-0.0162685,0.0658935,0.0137379,0.00018873
1615456683.390726900,0.0235819,-0.0182994,0.0857389,0.019405,0.000376554
1615456683.425915600,0.023408,-0.0193795,0.111607,0.0279531,0.000781378
1615456683.445858600,0.0243672,-0.0196777,0.124672,0.0328354,0.00107817
1615456683.455667300,0.0247701,-0.0206117,0.147981,0.0394559,0.00155677
1615456683.545603100,0.0289107,-0.0209689,0.184033,0.0560572,0.00314241
1615456683.680870200,0.0253221,-0.0149332,0.353526,0.0958323,0.00918384
1615456683.720674800,0.02056,-0.0158787,0.375461,0.0961327,0.0092415
1615456683.740449100,0.0195409,-0.0154273,0.380578,0.0958839,0.00919372
1615456683.791205400,0.0193874,-0.0155064,0.387429,0.0962069,0.00925577
1615456683.851089000,0.00895747,-0.0193601,0.408946,0.0827116,0.00684121
1615456683.877494500,-0.00316448,-0.0259838,0.439112,0.0656378,0.00430832
1615456683.901164100,-0.007786,-0.0264085,0.444337,0.0583525,0.00340501
1615456683.921029100,-0.0191443,-0.024368,0.463209,0.0485308,0.00235523
1615456683.941068600,-0.0226258,-0.0228954,0.4596,0.0454389,0.00206469
1615456683.952777000,-0.0244544,-0.0221469,0.460006,0.0432084,0.00186696
1615456683.991227900,-0.0275105,-0.0167348,0.449233,0.0389505,0.00151714
1615456684.10963200,-0.029165,-0.0153333,0.444137,0.0365312,0.00133453
1615456684.40870500,-0.0301337,-0.0137437,0.432856,0.0333356,0.00111126
1615456684.55565300,-0.0323842,-0.0132028,0.425656,0.0303912,0.000923622
1615456684.91327800,-0.0296754,-0.0128612,0.403165,0.0259565,0.00067374
1615456684.111563000,-0.0279962,-0.0121577,0.396177,0.0269001,0.000723613
1615456684.141292100,-0.0284468,-0.0106479,0.373739,0.0219127,0.000480166
1615456684.170509500,-0.0262758,-0.0102746,0.352902,0.0200056,0.000400226
1615456684.190793000,-0.0244232,-0.0105128,0.335931,0.017715,0.000313823
1615456684.210675500,-0.0198324,-0.0111599,0.315867,0.0171759,0.00029501
1615456684.241529400,-0.0163368,-0.0109277,0.289247,0.0151669,0.000230036
1615456684.277073200,-0.0116786,-0.0109526,0.259036,0.012539,0.000157226
1615456684.290623800,-0.00914643,-0.00910883,0.238757,0.0126081,0.000158963
1615456684.305845300,-0.00757939,-0.00862079,0.227766,0.0121983,0.000148798
1615456684.325592900,-0.0058641,-0.00827234,0.214346,0.0109439,0.00011977
1615456684.350957100,0.000786167,-0.00497077,0.17364,0.0131841,0.000173821
1615456684.377398400,0.00222615,-0.00422457,0.160516,0.0125623,0.000157811
1615456684.390775300,0.00443225,-0.00157504,0.148877,0.0143053,0.000204641
1615456684.400936400,0.00706055,0.000248582,0.127704,0.0146252,0.000213896
1615456684.441250400,0.0102203,0.00202187,0.0960561,0.0132452,0.000175436
1615456684.480862800,0.0172901,0.00543838,0.0496635,0.014175,0.000200931
1615456684.501320900,0.0234682,0.00774517,0.0183985,0.0155655,0.000242285
1615456684.511117500,0.025973,0.0067726,0.00331371,0.0138953,0.000193079
1615456684.541069800,0.0300459,0.00885152,-0.0227933,0.014716,0.00021656
1615456684.550842000,0.030985,0.0106829,-0.035164,0.0156242,0.000244115
1615456684.577428800,0.0348689,0.0129551,-0.0699598,0.0152865,0.000233677
1615456684.590934300,0.0356851,0.0133873,-0.0768155,0.0150018,0.000225055
1615456684.601112500,0.0391394,0.014981,-0.0926366,0.0164209,0.000269646
1615456684.621045500,0.0432237,0.016873,-0.113889,0.0174491,0.00030447
1615456684.641082700,0.0473401,0.0186177,-0.138887,0.0173539,0.000301158
1615456684.677567700,0.0517275,0.0204965,-0.158032,0.0199067,0.000396277
1615456684.741379000,0.0610892,0.021955,-0.189652,0.0250096,0.000625479
1615456684.755712600,0.0657703,0.0236085,-0.212955,0.0253114,0.000640668
1615456684.777438200,0.0688746,0.0270153,-0.259903,0.0182074,0.000331508
1615456684.791560100,0.0707819,0.0281129,-0.26998,0.0191483,0.000366657
1615456684.810889800,0.0720664,0.0293905,-0.280041,0.0201969,0.000407913
1615456684.840860400,0.0768058,0.0311735,-0.298906,0.0220351,0.000485544
1615456684.855569800,0.0775745,0.0323804,-0.314795,0.0196902,0.000387702
1615456684.877628000,0.078662,0.0325954,-0.322004,0.0191641,0.000367264
1615456684.891156200,0.0792703,0.0318823,-0.332725,0.0163029,0.000265784
1615456684.920905100,0.07906,0.0308942,-0.342818,0.0128925,0.000166218
1615456684.940947200,0.0788399,0.03179,-0.360484,0.00841475,7.08079e-05
1615456684.955805300,0.0775375,0.031614,-0.36382,0.00620919,3.85541e-05
1615456684.977739900,0.0747572,0.0315628,-0.372716,0.000595212,3.54277e-07
1615456685.1465300,0.0738618,0.0313055,-0.376875,-0.0026989,7.28405e-06
1615456685.21522400,0.0720965,0.0311355,-0.376407,-0.00535548,2.86811e-05
1615456685.41136900,0.068504,0.0302952,-0.37917,-0.0115404,0.000133181
1615456685.50942100,0.0678953,0.0300976,-0.38157,-0.0130392,0.00017002
1615456685.141095700,0.0553001,0.023823,-0.362339,-0.03225,0.00104006
1615456685.160653700,0.0531412,0.0231836,-0.354188,-0.0346413,0.00120002
1615456685.178110600,0.0498764,0.0218136,-0.346265,-0.0378579,0.00143322
1615456685.190805600,0.0464914,0.0199678,-0.338006,-0.0409954,0.00168062
1615456685.210791200,0.0448647,0.0194444,-0.333124,-0.0419618,0.0017608
1615456685.221681100,0.042307,0.0175326,-0.323158,-0.0440165,0.00193745
1615456685.245762100,0.0391484,0.0164299,-0.307646,-0.0450425,0.00202882
1615456685.291549300,0.0328369,0.0144055,-0.280168,-0.046369,0.00215009
1615456685.310874200,0.0319628,0.0118229,-0.260127,-0.04414,0.00194834
1615456685.325622000,0.0314262,0.0110833,-0.248732,-0.043515,0.00189355
1615456685.355770400,0.0287891,0.00903205,-0.21974,-0.039821,0.00158571
1615456685.370684900,0.0288394,0.00763939,-0.202419,-0.0374818,0.00140488
1615456685.425876000,0.0257068,0.00245184,-0.154496,-0.03272,0.0010706
1615456685.461456200,0.0250025,9.24214e-05,-0.121747,-0.0273883,0.000750118
1615456685.470766200,0.0246123,-0.000693628,-0.114125,-0.0261171,0.000682102
1615456685.490999800,0.0251792,-0.00160502,-0.0948337,-0.0216862,0.000470291
1615456685.540622500,0.0221001,-0.00381711,-0.0547663,-0.0135939,0.000184793
1615456685.550923200,0.0209044,-0.00434467,-0.0445534,-0.01156,0.000133634
1615456685.571154400,0.0207846,-0.00435676,-0.0195309,-0.00438648,1.92412e-05
1615456685.591462500,0.0210525,-0.00389709,0.00107359,0.00196141,3.84713e-06
1615456685.611391400,0.021598,-0.00163273,0.0145372,0.00806278,6.50084e-05
1615456685.651336200,0.0216658,-0.00152722,0.055496,0.0200536,0.000402145
1615456685.670832800,0.0205005,-0.00270115,0.072306,0.0233895,0.00054707
1615456685.690537700,0.0200588,-0.0032879,0.090541,0.0278928,0.000778007
1615456685.711126300,0.0196313,-0.00416945,0.11049,0.0317509,0.00100812
1615456685.725803100,0.0198047,-0.00591612,0.12352,0.034091,0.0011622
1615456685.751229900,0.0197892,-0.008009,0.144802,0.0382004,0.00145927
1615456685.770808400,0.0189319,-0.00973955,0.163066,0.0411057,0.00168968
1615456685.791560600,0.0192499,-0.00994604,0.176007,0.0449517,0.00202066
1615456685.851209600,0.0189189,-0.0138836,0.214001,0.0528013,0.00278797
1615456685.870612400,0.0154183,-0.0148312,0.24684,0.0559483,0.00313021
1615456685.891495200,0.0103693,-0.0174493,0.273442,0.0552174,0.00304896
1615456685.905880700,0.010024,-0.0186018,0.284284,0.0567136,0.00321643
1615456685.951376600,0.0121034,-0.0209458,0.304406,0.0622989,0.00388115
1615456685.971232900,0.0043657,-0.0210189,0.341204,0.0616378,0.00379921
1615456685.990603300,0.00360251,-0.0214895,0.35082,0.0629682,0.00396499
1615456686.10568700,-0.000631494,-0.022672,0.368175,0.0604222,0.00365085
1615456686.41360100,-0.0016814,-0.022651,0.380034,0.0630873,0.00398001
1615456686.60793800,-0.0055191,-0.023244,0.400632,0.0600538,0.00360645
1615456686.120886400,-0.0111791,-0.0222109,0.425277,0.0551388,0.00304028
1615456686.141293100,-0.0127914,-0.0226647,0.427103,0.0525773,0.00276437
1615456686.151075900,-0.0160215,-0.0220058,0.437727,0.0505787,0.0025582
1615456686.200966300,-0.0210416,-0.0203839,0.435983,0.043193,0.00186563
1615456686.220922600,-0.023753,-0.0186876,0.43624,0.0403264,0.00162622
1615456686.241620000,-0.0263375,-0.0174846,0.441232,0.038505,0.00148264
1615456686.260576200,-0.0279298,-0.0178367,0.438001,0.0349326,0.00122029
1615456686.270903500,-0.0291802,-0.0169333,0.432956,0.031866,0.00101544
1615456686.291435500,-0.0309985,-0.0152465,0.428803,0.028534,0.000814189
1615456686.310852700,-0.0311721,-0.0148886,0.427129,0.0275438,0.00075866
1615456686.321139600,-0.0320532,-0.0135431,0.420485,0.0251399,0.000632016
1615456686.340837000,-0.032861,-0.0116043,0.414728,0.0242301,0.000587099
1615456686.370579600,-0.0338609,-0.0102997,0.400776,0.0204111,0.000416612
1615456686.391420600,-0.0340377,-0.00946119,0.392257,0.0182022,0.000331322
1615456686.410843900,-0.0340585,-0.0084183,0.384278,0.0165675,0.000274483
1615456686.421126700,-0.0335688,-0.00804973,0.372191,0.0142334,0.00020259
1615456686.440984900,-0.0329701,-0.00721488,0.365144,0.0135085,0.00018248
1615456686.455776800,-0.0324425,-0.00641151,0.3525,0.0121095,0.00014664
1615456686.470678200,-0.0324578,-0.00650958,0.342355,0.00946862,8.96547e-05
1615456686.491402800,-0.032447,-0.00655435,0.32753,0.00701565,4.92193e-05
1615456686.511322400,-0.0281119,-0.00473696,0.313603,0.0113021,0.000127738
1615456686.555618900,-0.0239416,-0.00524222,0.275516,0.00640625,4.104e-05
1615456686.570669200,-0.0228999,-0.00462772,0.265507,0.00587887,3.45611e-05
1615456686.590664100,-0.0194266,-0.00271465,0.252098,0.0080657,6.50555e-05
1615456686.605910900,-0.0189387,-0.0015112,0.236237,0.00670272,4.49265e-05
1615456686.625800500,-0.0167164,-0.000968182,0.217527,0.00605828,3.67027e-05
1615456686.640988300,-0.0152669,-0.000112066,0.211933,0.00737065,5.43265e-05
1615456686.655648800,-0.012618,0.000679508,0.192114,0.00711387,5.06072e-05
1615456686.671291800,-0.00850821,0.00293436,0.174746,0.00939065,8.81844e-05
1615456686.691545600,-0.0055909,0.00474013,0.160811,0.0104107,0.000108382
1615456686.705856500,-0.000359171,0.00699522,0.13924,0.0136272,0.000185701
1615456686.740960000,0.00833121,0.0114202,0.100384,0.018875,0.000356266
1615456686.770730600,0.0112275,0.0158636,0.0794416,0.021915,0.000480268
1615456686.810499100,0.0181343,0.0202748,0.050207,0.0267379,0.000714917
1615456686.825709600,0.0208946,0.0228025,0.0344338,0.0290636,0.000844692
1615456686.875513300,0.0278615,0.0273238,-0.000761076,0.0341086,0.0011634
1615456686.920914200,0.046424,0.0351778,-0.0693821,0.0439765,0.00193394
1615456686.941120000,0.0508102,0.0370747,-0.0874517,0.0460656,0.00212204
1615456686.955822700,0.0540383,0.0388897,-0.100361,0.0484038,0.00234293
1615456686.970798500,0.0584898,0.0390646,-0.118046,0.0487565,0.00237719
1615456686.991588200,0.062235,0.0401559,-0.135804,0.0496832,0.00246842
1615456687.10531000,0.0659496,0.0371564,-0.148567,0.0477197,0.00227717
1615456687.25848300,0.0696811,0.0373294,-0.167962,0.047712,0.00227644
1615456687.41494800,0.0717638,0.0368595,-0.17984,0.0475652,0.00226244
1615456687.71083200,0.0773609,0.0376026,-0.206698,0.0474669,0.0022531
1615456687.91190400,0.0823524,0.0391313,-0.235772,0.0455787,0.00207741
1615456687.111707600,0.0841152,0.0393987,-0.252279,0.0439603,0.00193251
1615456687.201104800,0.0923461,0.0405093,-0.309287,0.0388085,0.0015061
1615456687.221120500,0.0933173,0.0423642,-0.321376,0.0372387,0.00138672
1615456687.261020600,0.092753,0.0438848,-0.347704,0.028938,0.000837408
1615456687.280592000,0.0914613,0.0425208,-0.362183,0.0211834,0.000448738
1615456687.291262700,0.0913001,0.0427457,-0.367752,0.0195071,0.000380525
1615456687.320992600,0.0900603,0.0402631,-0.368772,0.0140199,0.000196558
1615456687.370799600,0.086823,0.0374989,-0.375926,0.0033921,1.15063e-05
1615456687.391514900,0.0820815,0.0361042,-0.390409,-0.0100532,0.000101067
1615456687.420911200,0.0792054,0.0348344,-0.391772,-0.0168797,0.000284924
1615456687.441392100,0.075148,0.0338081,-0.393424,-0.0237848,0.000565717
1615456687.451207900,0.0711906,0.0327599,-0.395991,-0.030292,0.000917607
1615456687.470977900,0.06934,0.0319488,-0.396911,-0.033738,0.00113825
1615456687.491507000,0.0646567,0.0304529,-0.399186,-0.0425208,0.00180802
1615456687.511646100,0.0600438,0.0289389,-0.395785,-0.0494685,0.00244713
1615456687.541028700,0.0557005,0.0257807,-0.383231,-0.0567453,0.00322003
1615456687.560934400,0.0515203,0.0219782,-0.380427,-0.0660064,0.00435685
1615456687.581001600,0.0493806,0.021304,-0.381783,-0.0695066,0.00483117
1615456687.591244100,0.0457435,0.019685,-0.37437,-0.0736093,0.00541833
1615456687.610829800,0.0418083,0.0184443,-0.372337,-0.0779203,0.00607158
1615456687.691374200,0.0325247,0.0117966,-0.340947,-0.0876307,0.00767915
1615456687.720947200,0.0273897,0.00956673,-0.32077,-0.0892937,0.00797337
1615456687.741113500,0.0267005,0.00877438,-0.314571,-0.0884708,0.00782709
1615456687.791126500,0.0226876,0.00429352,-0.278739,-0.087488,0.00765415
1615456687.810605000,0.0217508,0.00295512,-0.266688,-0.0856681,0.00733903
1615456687.820911900,0.0206154,0.00092475,-0.254163,-0.0841048,0.00707362
1615456687.841524400,0.0204103,-0.00149971,-0.234286,-0.0800724,0.00641159
1615456687.871133100,0.0196137,-0.00354636,-0.207973,-0.074075,0.00548711
1615456687.925578700,0.0180969,-0.00656797,-0.172425,-0.0662759,0.00439249
1615456687.941694200,0.0199866,-0.00973134,-0.138367,-0.0551192,0.00303812
1615456688.41566200,0.0195427,-0.0206334,-0.0424963,-0.0299781,0.000898686
1615456688.55791100,0.0205342,-0.0222162,-0.0281461,-0.025772,0.000664198
1615456688.75914000,0.0200133,-0.0236684,-0.00869456,-0.0197774,0.000391144
1615456688.91283900,0.0192759,-0.0251446,0.0107091,-0.0139611,0.000194912
1615456688.144290000,0.0238242,-0.0265865,0.0585606,0.00460255,2.11835e-05
1615456688.220924400,0.0233707,-0.0266452,0.147409,0.0359218,0.00129037
1615456688.241467000,0.022852,-0.0279962,0.173819,0.0426483,0.00181887
1615456688.270956900,0.0227119,-0.0297073,0.204728,0.0510941,0.0026106
1615456688.310880000,0.0209424,-0.0293205,0.235958,0.0604975,0.00365995
1615456688.321177300,0.0210667,-0.0284317,0.248227,0.0654501,0.00428371
1615456688.355879600,0.0192882,-0.0292477,0.27715,0.0721558,0.00520646
1615456688.371494100,0.0170792,-0.0293802,0.300193,0.0758334,0.0057507
1615456688.390999400,0.017139,-0.0295035,0.31901,0.0802616,0.00644192
1615456688.411068000,0.0173776,-0.0291493,0.328529,0.0829871,0.00688686
1615456688.425732100,0.0160215,-0.0298684,0.352873,0.0862375,0.0074369
1615456688.456266000,0.0154368,-0.0314637,0.372311,0.0892911,0.0079729
1615456688.475744900,0.0129726,-0.0325859,0.393061,0.0894292,0.00799758
1615456688.501498800,0.0103408,-0.0332709,0.412928,0.089496,0.00800954
1615456688.521570600,0.00811301,-0.0350275,0.426091,0.0882453,0.00778723
1615456688.555876600,0.00613045,-0.0380792,0.436671,0.0848348,0.00719694
1615456688.601490600,0.000984242,-0.0400001,0.455009,0.079017,0.00624369
1615456688.621241800,-0.000866264,-0.0415209,0.458561,0.0758022,0.00574597
1615456688.651060600,-0.0089035,-0.0405136,0.481836,0.0690647,0.00476993
1615456688.710462900,-0.0147168,-0.0387881,0.488753,0.0615805,0.00379216
1615456688.721367600,-0.0183238,-0.0381909,0.490192,0.0571001,0.00326042
1615456688.740957300,-0.0206195,-0.0373368,0.4871,0.0533045,0.00284137
1615456688.755666500,-0.0238183,-0.0367719,0.486712,0.0475063,0.00225685
1615456688.791579500,-0.0276407,-0.0360798,0.481541,0.041033,0.00168371
1615456688.801535100,-0.0303297,-0.0356924,0.477322,0.0369546,0.00136564
1615456688.850908500,-0.0332861,-0.0330026,0.459484,0.0282925,0.000800468
1615456688.891156200,-0.0382848,-0.0316479,0.43975,0.0186268,0.000346958
1615456688.925744900,-0.0399223,-0.0292937,0.424798,0.0134873,0.000181908
1615456688.960709100,-0.0375135,-0.0271427,0.398477,0.0104982,0.000110211
1615456688.991211000,-0.0349441,-0.02562,0.370799,0.00663853,4.407e-05
1615456689.5930700,-0.0341978,-0.0244683,0.357454,0.00414413,1.71738e-05
1615456689.41466100,-0.0332038,-0.0219029,0.333712,0.000920415,8.47164e-07
1615456689.111245900,-0.0214204,-0.0159133,0.257153,0.000944078,8.91283e-07
1615456689.120979000,-0.0200617,-0.0153144,0.245984,0.000355601,1.26452e-07
1615456689.141007100,-0.0170578,-0.0146142,0.224061,-0.000631511,3.98806e-07
1615456689.151507600,-0.0161478,-0.0140659,0.212362,-0.00121719,1.48154e-06
1615456689.191698700,-0.014397,-0.0136872,0.1907,-0.00419211,1.75738e-05
1615456689.205861400,-0.0073334,-0.0112938,0.15876,-0.0011425,1.30531e-06
1615456689.221376300,0.000737306,-0.00820757,0.128414,0.0030306,9.18452e-06
1615456689.255921700,0.00469908,-0.00705679,0.099446,0.0021292,4.53348e-06
1615456689.271136000,0.00688767,-0.0063394,0.0848955,0.00200301,4.01207e-06
1615456689.291427100,0.0087835,-0.00519321,0.0703304,0.00230348,5.30603e-06
1615456689.305651900,0.011514,-0.0050494,0.052272,0.00158978,2.52738e-06
1615456689.341481900,0.0188011,-0.00133946,0.00829608,0.00441229,1.94683e-05
1615456689.371183700,0.0252911,0.00234204,-0.0217346,0.00778073,6.05398e-05
1615456689.411648100,0.0333062,0.00626236,-0.0549984,0.012277,0.000150725
1615456689.431257600,0.0371236,0.00765163,-0.0746871,0.0134221,0.000180152
1615456689.451310500,0.0434797,0.00970264,-0.108229,0.0130318,0.000169827
1615456689.461064100,0.0465364,0.0113191,-0.124075,0.014769,0.000218124
1615456689.475740200,0.04889,0.0123162,-0.135626,0.0155689,0.000242391
1615456689.496034800,0.0529329,0.0136123,-0.160664,0.014554,0.00021182
1615456689.575926100,0.0660787,0.0187662,-0.242699,0.0132528,0.000175637
1615456689.591560000,0.0684745,0.0182327,-0.253814,0.0121486,0.000147587
1615456689.601331200,0.0702026,0.0189482,-0.265396,0.0121107,0.000146669
1615456689.641376200,0.0729159,0.0173633,-0.29521,0.00698721,4.88212e-05
1615456689.651132600,0.0741062,0.0166536,-0.313537,0.00343746,1.18161e-05
1615456689.675896700,0.0753766,0.0173232,-0.330321,0.000880599,7.75455e-07
1615456689.710522000,0.0752903,0.0184083,-0.358521,-0.00599742,3.5969e-05
1615456689.725985800,0.0750638,0.0191033,-0.3651,-0.00740647,5.48558e-05
1615456689.741589800,0.0750349,0.0194861,-0.378626,-0.0107444,0.000115442
1615456689.751317000,0.0743158,0.020037,-0.382575,-0.0126827,0.00016085
1615456689.791548700,0.0726058,0.0211554,-0.394683,-0.0190556,0.000363116
1615456689.811012400,0.0722513,0.0216271,-0.405677,-0.0225084,0.00050663
1615456689.825837400,0.0708914,0.0217448,-0.41224,-0.026977,0.000727759
1615456689.855722100,0.0666381,0.0224365,-0.418217,-0.0342085,0.00117022
1615456689.891634600,0.0628737,0.0229358,-0.424864,-0.0409488,0.0016768
1615456689.951099900,0.055852,0.0201497,-0.410834,-0.0505034,0.0025506
1615456689.991092000,0.0488642,0.0180627,-0.410817,-0.064754,0.00419308
1615456690.5755800,0.0456704,0.0192101,-0.414965,-0.0694882,0.00482861
1615456690.21332600,0.0421621,0.0178426,-0.405587,-0.0731647,0.00535307
1615456690.45820400,0.0379928,0.016418,-0.396716,-0.0769715,0.00592462
1615456690.75611700,0.0325614,0.0153816,-0.382148,-0.0804595,0.00647374
1615456690.111640000,0.0310883,0.015644,-0.364444,-0.0780585,0.00609314
1615456690.190714200,0.0181882,0.0120248,-0.317749,-0.0848062,0.00719209
1615456690.210748300,0.0173545,0.0131251,-0.308403,-0.0827035,0.00683987
1615456690.224173700,0.0173547,0.0128125,-0.290249,-0.0773137,0.0059774
1615456690.241338100,0.0166297,0.0126071,-0.271806,-0.0730381,0.00533456
1615456690.271546200,0.0165863,0.0123963,-0.24326,-0.065748,0.0043228
1615456690.291257200,0.0167184,0.0109919,-0.231528,-0.0630897,0.00398031
1615456690.301025400,0.0161572,0.0104014,-0.215349,-0.0590016,0.00348118
1615456690.325811900,0.0168865,0.00943786,-0.193349,-0.053701,0.0028838
1615456690.351348500,0.0178574,0.00918775,-0.166815,-0.0452701,0.00204939
1615456690.375926900,0.0178185,0.00859682,-0.151885,-0.0416295,0.00173301
1615456690.405903200,0.0167659,0.00814863,-0.12154,-0.0330467,0.00109208
1615456690.425845000,0.0170777,0.00657775,-0.102346,-0.026847,0.000720762
1615456690.441051100,0.0178068,0.00562787,-0.0803539,-0.0199112,0.000396455
1615456690.455731900,0.0175383,0.0036716,-0.0576127,-0.0132993,0.000176873
1615456690.511488500,0.0171963,0.00049818,-0.0129242,-0.000129998,1.68994e-08
1615456690.771191800,0.0284365,0.00122254,0.267652,0.102851,0.0105784
1615456690.841010400,0.0293495,-0.00464575,0.32295,0.112747,0.0127119
1615456690.991213000,0.0167401,-0.0208925,0.422355,0.104137,0.0108445
1615456691.20947100,0.0135836,-0.022427,0.429019,0.0990361,0.00980815
1615456691.71644500,0.00635983,-0.0258888,0.442828,0.0889639,0.00791458
1615456691.91624900,-0.001546,-0.0275553,0.459371,0.0802099,0.00643362
1615456691.105958100,-0.00260839,-0.0278115,0.46238,0.0790054,0.00624186
1615456691.125881800,-0.00635311,-0.0281277,0.465861,0.0731835,0.00535583
1615456691.141465200,-0.0090888,-0.0283869,0.463239,0.0687263,0.0047233
1615456691.151363000,-0.0113341,-0.0275729,0.460449,0.0656404,0.00430866
1615456691.176066500,-0.0144708,-0.0278748,0.459093,0.0597177,0.00356621
1615456691.191101900,-0.01623,-0.0275709,0.458903,0.0576196,0.00332002
1615456691.205434800,-0.0184202,-0.0265987,0.453491,0.0542772,0.00294601
1615456691.227532500,-0.0197393,-0.0265829,0.447281,0.0502414,0.00252419
1615456691.251401100,-0.0209572,-0.0255317,0.439853,0.0465081,0.00216301
1615456691.275932900,-0.0226079,-0.0241597,0.428023,0.0411016,0.00168934
1615456691.391636100,-0.029947,-0.0163584,0.379105,0.0222466,0.000494911
1615456691.891738200,0.0447407,0.0126241,-0.101877,0.0156245,0.000244126
1615456691.910723300,0.0471449,0.0155453,-0.113785,0.0183377,0.00033627
1615456691.920973200,0.0524013,0.0190945,-0.142251,0.0193001,0.000372494
1615456691.941092000,0.0553231,0.022033,-0.165561,0.0195174,0.000380927
1615456691.955759600,0.058841,0.0230383,-0.179105,0.0207806,0.000431834
1615456692.1075600,0.0639976,0.0269757,-0.20503,0.0265652,0.00070571
1615456692.21202300,0.0672576,0.0286444,-0.236994,0.0226272,0.000511989
1615456692.41053000,0.0685267,0.0306646,-0.257367,0.020972,0.000439823
1615456692.55747900,0.0701982,0.0308054,-0.266039,0.0204756,0.000419251
1615456692.75663800,0.071599,0.0314253,-0.274771,0.0203933,0.000415887
1615456692.101185000,0.0732319,0.0333063,-0.290005,0.0200716,0.000402868
1615456692.121100100,0.0731281,0.0334216,-0.305967,0.0154489,0.000238668
1615456692.171729600,0.074425,0.0313717,-0.327104,0.00760889,5.78952e-05
1615456692.225105500,0.0723648,0.0277856,-0.347649,-0.00519085,2.69449e-05
1615456692.301170700,0.0633284,0.0270007,-0.367719,-0.0261753,0.000685147
1615456692.340976000,0.0559927,0.0253288,-0.373226,-0.0391706,0.00153433
1615456692.360855000,0.0542092,0.0256162,-0.379512,-0.0436249,0.00190314
1615456692.371680400,0.0515884,0.0248528,-0.37678,-0.0478336,0.00228805
1615456692.401336100,0.0461485,0.0239111,-0.369123,-0.0535947,0.00287239
1615456692.441071700,0.0416929,0.0234503,-0.36262,-0.0582947,0.00339827
1615456692.475777100,0.0357063,0.0231276,-0.353651,-0.0650973,0.00423766
1615456692.545761200,0.0280544,0.0214573,-0.325981,-0.0714694,0.00510787
1615456692.591734400,0.0191835,0.0208785,-0.314609,-0.0792876,0.00628652
1615456692.611916400,0.0146171,0.019258,-0.320387,-0.0891032,0.00793938
1615456692.671248500,0.00757668,0.0162021,-0.29052,-0.0922005,0.00850092
1615456692.690813700,0.00663533,0.0148676,-0.282569,-0.0935041,0.00874302
1615456692.775796000,0.000236519,0.0130275,-0.245322,-0.0909066,0.00826401
1615456692.791526900,-0.000573643,0.0104301,-0.2362,-0.0920226,0.00846816
1615456692.856007400,-0.00207761,0.00679475,-0.205368,-0.0871776,0.00759993
1615456692.901706400,0.00604012,0.00665072,-0.152398,-0.0613511,0.00376395
1615456692.940749300,0.00557636,0.00456687,-0.127317,-0.0532901,0.00283983
1615456692.951746900,0.0088404,0.00251648,-0.107506,-0.0446085,0.00198992
1615456692.971044100,0.0150972,0.000147132,-0.0538726,-0.0192766,0.000371588
1615456692.991219400,0.0177416,-0.00154348,-0.0401553,-0.0143324,0.000205416
1615456693.1662600,0.0190389,-0.00144662,-0.0297286,-0.00943238,8.89697e-05
1615456693.21722300,0.021717,-0.000998096,-0.00557338,0.00212091,4.49827e-06
1615456693.105735400,0.0247611,-0.00164796,0.0334658,0.0198079,0.000392354
1615456693.121278100,0.025675,-0.00155656,0.04434,0.0250646,0.000628237
1615456693.141227500,0.0292168,-0.00306331,0.0782486,0.0390525,0.0015251
1615456693.191591700,0.0323877,-0.00523119,0.146045,0.0643623,0.0041425
1615456693.261197500,0.0380642,-0.0118883,0.224828,0.0879549,0.00773607
1615456693.451327600,0.0351264,-0.0284736,0.401765,0.113318,0.0128411
1615456693.561374400,0.0293671,-0.0275579,0.431874,0.113428,0.0128659
1615456693.695044500,0.00663781,-0.0239585,0.450706,0.0862793,0.00744411
1615456693.751469200,-0.000391022,-0.0221171,0.429812,0.07178,0.00515236
1615456693.771442800,-0.00320146,-0.0218127,0.423075,0.0655161,0.00429236
1615456693.810958100,-0.0107265,-0.0202365,0.422025,0.0549454,0.003019
1615456693.831316200,-0.0135724,-0.0197282,0.41044,0.0489132,0.00239251
1615456693.891701300,-0.0175694,-0.0183308,0.380003,0.0343074,0.001177
1615456693.925985600,-0.00999337,-0.0190806,0.344514,0.0322236,0.00103836
1615456693.970974800,-0.00700809,-0.0179691,0.300691,0.0267184,0.000713872
1615456694.1157900,-0.00139543,-0.0166695,0.261442,0.0260481,0.000678502
1615456694.41763600,0.00242661,-0.0135862,0.217068,0.0229115,0.000524939
1615456694.51461700,0.00418775,-0.0121435,0.201247,0.0227359,0.000516921
1615456694.91537700,0.00544406,-0.0116379,0.173911,0.0177197,0.000313989
1615456694.125760300,0.00764817,-0.00949736,0.14963,0.014398,0.000207302
1615456694.141440200,0.0123744,-0.00895281,0.125969,0.014506,0.000210425
1615456694.171186800,0.0144039,-0.00921411,0.0959815,0.00917363,8.41555e-05
1615456694.192064500,0.0167018,-0.0081556,0.0797237,0.00791776,6.2691e-05
1615456694.651399900,0.0618431,0.00723835,-0.333601,-0.0291529,0.00084989
1615456694.751719000,0.0591253,0.0061204,-0.335076,-0.0358767,0.00128714
1615456694.791524800,0.0447424,0.00288376,-0.375129,-0.0682024,0.00465156
1615456694.801252500,0.0423751,0.00349331,-0.374793,-0.0722695,0.00522288
1615456694.841263300,0.0398501,0.00445578,-0.367229,-0.0741144,0.00549294
1615456694.856199200,0.0347045,0.00448744,-0.364994,-0.0788313,0.00621438
1615456694.871020100,0.0321144,0.00468803,-0.35879,-0.080294,0.00644712
1615456694.891281100,0.0306324,0.00406911,-0.350851,-0.0819482,0.0067155
1615456694.905934100,0.030142,0.0041235,-0.346497,-0.0815884,0.00665666
1615456694.921076500,0.0277062,0.00251395,-0.336661,-0.0837063,0.00700674
1615456694.991278900,0.0234539,-0.0022862,-0.293309,-0.0835903,0.00698733
1615456695.1105400,0.0240682,-0.00228627,-0.277472,-0.0790367,0.0062468
1615456695.21072500,0.0221971,-0.00165258,-0.266713,-0.0770187,0.00593188
1615456695.51149400,0.0213423,-0.00181681,-0.244434,-0.0716052,0.00512731
1615456695.76047600,0.0225658,-0.00170287,-0.22208,-0.0647064,0.00418692
1615456695.210929000,0.0184447,-0.00338764,-0.105488,-0.0332529,0.00110575
1615456695.341206300,0.0190355,-0.00689099,0.0314814,0.00885212,7.83601e-05
1615456695.371673700,0.0180429,-0.00820879,0.0619684,0.0173136,0.000299761
1615456695.401594000,0.0173089,-0.00815182,0.100303,0.0290459,0.000843667
1615456695.421133600,0.0175029,-0.00795065,0.117416,0.0352257,0.00124085
1615456695.441213900,0.0180424,-0.00866652,0.1452,0.0427736,0.00182958
1615456695.461103200,0.0182693,-0.00872489,0.165584,0.0487352,0.00237512
1615456695.481283000,0.0176829,-0.00880043,0.175472,0.051334,0.00263518
1615456695.491733800,0.0167983,-0.00872137,0.196388,0.0572556,0.00327821
1615456695.545934100,0.0163734,-0.00908215,0.250508,0.0697352,0.004863
1615456695.601128700,0.0179547,-0.00845538,0.285486,0.0832148,0.00692471
1615456695.655767700,0.0116636,-0.0128462,0.350872,0.0861183,0.00741636
1615456695.675926800,0.0107388,-0.0148518,0.365147,0.0859424,0.0073861
1615456695.691137100,0.0105693,-0.0159405,0.375139,0.0870761,0.00758224
1615456695.721273900,0.00746127,-0.0181063,0.39705,0.086548,0.00749056
1615456695.756077500,0.00593765,-0.0173409,0.412384,0.0886603,0.00786065
1615456695.790735900,0.00330785,-0.0178108,0.429404,0.0879092,0.00772803
1615456695.805947200,-0.00219464,-0.0187114,0.444539,0.0829205,0.00687581
1615456695.821513300,-0.00420113,-0.0196619,0.447959,0.0808265,0.00653292
1615456695.841514000,-0.00619926,-0.0194053,0.450885,0.079604,0.0063368
1615456695.851340000,-0.00757629,-0.0195101,0.455199,0.0789055,0.00622607
1615456695.881059300,-0.013005,-0.0199693,0.464081,0.0732492,0.00536544
1615456695.901730200,-0.0150394,-0.0193763,0.460585,0.0679243,0.00461371
1615456695.926009800,-0.0158084,-0.0196555,0.462534,0.0670723,0.0044987
1615456695.946119200,-0.0187,-0.0192133,0.45777,0.0627418,0.00393654
1615456695.951342500,-0.020436,-0.0195472,0.453216,0.0583364,0.00340313
1615456695.975768300,-0.0239102,-0.0193757,0.449309,0.0527471,0.00278225
1615456696.1272800,-0.0256472,-0.018381,0.438851,0.0473838,0.00224522
1615456696.21153400,-0.0269299,-0.0189386,0.429997,0.0425925,0.00181412
1615456696.41748600,-0.0280654,-0.0198107,0.420567,0.0378181,0.00143021
1615456696.55934600,-0.0278593,-0.019847,0.416452,0.0367249,0.00134872
1615456696.76067200,-0.0284884,-0.0184532,0.406203,0.0346988,0.00120401
1615456696.91205300,-0.0295025,-0.0178646,0.394842,0.0306086,0.000936886
1615456696.105873700,-0.0287379,-0.0181596,0.383774,0.0267228,0.000714107
1615456696.141608700,-0.0268764,-0.0176463,0.364013,0.0224923,0.000505906
1615456696.156093100,-0.0245188,-0.0185507,0.347652,0.0212163,0.000450133
1615456696.171296600,-0.0241786,-0.0176115,0.336542,0.0190565,0.00036315
1615456696.221193100,-0.0223114,-0.0153158,0.298223,0.0129348,0.000167309
1615456696.271271500,-0.0240574,-0.0133987,0.267623,0.00489789,2.39894e-05
1615456696.291697400,-0.0178189,-0.0122035,0.238698,0.00655663,4.29894e-05
1615456696.309770300,-0.0130964,-0.0103019,0.218014,0.00844771,7.13637e-05
1615456696.341764200,-0.0104494,-0.00911899,0.193377,0.00637668,4.06621e-05
1615456696.355950300,-0.00699115,-0.00956998,0.17508,0.00501376,2.51378e-05
1615456696.371420100,-0.00268962,-0.00839257,0.151593,0.00558448,3.11864e-05
1615456696.391408800,-0.000310307,-0.00815854,0.136532,0.00425863,1.8136e-05
1615456696.406061100,0.00140248,-0.00785215,0.125779,0.00387496,1.50153e-05
1615456696.421622100,0.00552657,-0.00651552,0.104231,0.00494158,2.44192e-05
1615456696.455795000,0.00834441,-0.00543227,0.0738285,0.00309372,9.5711e-06
1615456696.511514300,0.0187872,-0.00136248,0.017291,0.00533599,2.84728e-05
1615456696.531557900,0.0218516,-0.00237717,0.0062421,0.00439996,1.93596e-05
1615456696.560918300,0.0291844,-0.00231753,-0.0322301,0.00339735,1.1542e-05
1615456696.571684600,0.0338628,-0.00113303,-0.0528728,0.0043909,1.928e-05
1615456696.610803100,0.0401819,-0.00063159,-0.0730725,0.00602394,3.62879e-05
1615456696.675748300,0.0510378,0.00295581,-0.109546,0.0134125,0.000179895
1615456696.871662300,0.0789736,0.0185858,-0.228022,0.0310282,0.000962746
1615456696.892438900,0.0826439,0.0217952,-0.296245,0.0151322,0.000228985
1615456696.901244000,0.0818626,0.0197892,-0.303301,0.00948155,8.98998e-05
1615456696.975742700,0.079308,0.0197317,-0.316665,0.00359577,1.29296e-05
1615456697.121498100,0.0642381,0.0206141,-0.301667,-0.0123284,0.000151991
1615456697.155850100,0.0598735,0.0193965,-0.30511,-0.0208282,0.000433813
1615456697.175965400,0.0535668,0.0189049,-0.323132,-0.0350383,0.00122768
1615456697.192868100,0.0519176,0.0172341,-0.322497,-0.0402547,0.00162044
1615456697.226170900,0.0479803,0.017372,-0.312144,-0.0446359,0.00199236
1615456697.246764600,0.0450531,0.0170305,-0.312639,-0.0486534,0.00236716
1615456697.301235700,0.0369561,0.0143744,-0.293464,-0.0572618,0.00327891
1615456697.324968700,0.0370959,0.0162659,-0.276511,-0.052705,0.00277782
1615456697.393322400,0.0305449,0.0149709,-0.24591,-0.0537353,0.00288748
1615456697.425929100,0.0286677,0.0142086,-0.223043,-0.0501383,0.00251385
1615456697.511461400,0.0234595,0.0128606,-0.181643,-0.0447302,0.00200079
1615456697.606062400,0.0240279,0.00709006,-0.0988559,-0.0224591,0.000504413
1615456697.641795300,0.0230996,0.00594405,-0.0779922,-0.0169203,0.000286297
1615456697.651515000,0.0232822,0.00496331,-0.0654886,-0.0131857,0.000173862
1615456697.721194900,0.0229316,0.00575987,-0.0293154,-0.000401139,1.60913e-07
1615456697.771444900,0.0215606,0.00136361,0.0511214,0.0244138,0.000596035
1615456697.791553300,0.0217518,0.00106463,0.0658293,0.0291186,0.000847893
1615456697.806049000,0.021898,-0.000290761,0.0801312,0.0332139,0.00110316
1615456697.825876200,0.022017,-0.00174781,0.102738,0.0393016,0.00154462
1615456697.840968100,0.0218531,-0.00296115,0.112981,0.0417264,0.00174109
1615456697.871361000,0.0190118,-0.00598021,0.158066,0.0516223,0.00266486
1615456697.891406400,0.0172465,-0.00825716,0.197522,0.057718,0.00333137
1615456697.941180400,0.0186803,-0.00963414,0.220877,0.0661632,0.00437757
1615456697.991161200,0.0188017,-0.0104391,0.251532,0.0743318,0.00552522
1615456698.41636200,0.0191156,-0.0127117,0.282223,0.0811794,0.00659009
1615456698.141857000,0.0200143,-0.0143973,0.305867,0.0873764,0.00763464
1615456698.156122200,0.0189087,-0.0147899,0.311089,0.0867832,0.00753133
1615456698.175922800,0.0181901,-0.0152443,0.315696,0.0858646,0.00737273
1615456698.205859700,0.0118719,-0.0138912,0.344701,0.0846326,0.00716267
1615456698.225752100,0.00792927,-0.0150358,0.356594,0.0804172,0.00646692
1615456698.241215000,0.00578057,-0.016078,0.359306,0.0776368,0.00602747
1615456698.271807900,-0.000404281,-0.0175506,0.374749,0.0713824,0.00509545
1615456698.301954600,-0.00732033,-0.0168388,0.383468,0.0636222,0.00404778
1615456698.321370500,-0.0110761,-0.0163852,0.385649,0.0587443,0.00345089
1615456698.345465700,-0.0202641,-0.0181665,0.407879,0.0489433,0.00239545
1615456698.360652000,-0.025685,-0.0184324,0.413509,0.0415546,0.00172678
1615456698.401123700,-0.0292979,-0.0174849,0.405586,0.0341096,0.00116346
1615456698.421757500,-0.0333369,-0.0173122,0.404017,0.0271472,0.000736969
1615456698.441488600,-0.0352346,-0.0174123,0.398177,0.0221985,0.000492773
1615456698.461616500,-0.0364833,-0.0177378,0.394532,0.018551,0.000344139
1615456698.475991600,-0.0360162,-0.017817,0.387243,0.016629,0.000276525
1615456698.501449500,-0.0348469,-0.0167817,0.372874,0.0131184,0.000172092
1615456698.541610000,-0.0312193,-0.0165987,0.348983,0.0105392,0.000111074
1615456698.555931400,-0.0307588,-0.0158549,0.337959,0.00994134,9.88302e-05
1615456698.570974400,-0.0313298,-0.0148276,0.327783,0.00828177,6.85877e-05
1615456698.601751300,-0.0293335,-0.0133255,0.309673,0.0066548,4.42863e-05
1615456698.670774100,-0.0267302,-0.0117616,0.275955,-0.00124747,1.55617e-06
1615456698.701660700,-0.0248347,-0.0106257,0.254056,-0.00306392,9.38759e-06
1615456698.721334800,-0.0219921,-0.010325,0.236353,-0.00368166,1.35546e-05
1615456698.755954800,-0.0175862,-0.00988915,0.214163,-0.00468409,2.19407e-05
1615456698.775825100,-0.0146104,-0.00889443,0.198511,-0.00361001,1.30322e-05
1615456698.791783100,-0.0132473,-0.00876272,0.183521,-0.00498033,2.48036e-05
1615456698.841426800,0.00202029,-0.00611725,0.114964,0.00084728,7.17883e-07
1615456698.871773600,0.0111597,-0.00457634,0.0734032,0.00300795,9.04775e-06
1615456698.901899000,0.0142805,-0.00354646,0.0494796,0.00325054,1.0566e-05
1615456698.921216400,0.0167279,-0.0019694,0.0345223,0.00451958,2.04266e-05
1615456698.941460000,0.0205994,-0.00194389,0.0159017,0.00482732,2.3303e-05
1615456698.971176500,0.0286577,-0.00190377,-0.0273508,0.00478715,2.29168e-05
1615456699.51104500,0.0481981,-0.00274041,-0.115586,0.00322998,1.04327e-05
1615456699.71373800,0.0510133,-0.0017233,-0.135077,0.00353539,1.2499e-05
1615456699.91095300,0.053559,-0.00113937,-0.149019,0.0028463,8.10143e-06
1615456699.101446200,0.0547195,-0.000946895,-0.161892,0.00276446,7.64226e-06
1615456699.121539500,0.0578348,-0.000644669,-0.175284,0.00358045,1.28196e-05
1615456699.141679200,0.0614167,0.000372492,-0.199565,0.00241369,5.8259e-06
1615456699.240761300,0.0757841,0.00743652,-0.261921,0.008672,7.52036e-05
1615456699.301550800,0.0798869,0.00920694,-0.294293,0.00689608,4.75559e-05
1615456699.321598000,0.0798631,0.00940916,-0.32301,-0.00292164,8.53599e-06
1615456699.341690300,0.0803115,0.0102903,-0.334678,-0.00698942,4.8852e-05
1615456699.350969800,0.0809474,0.0108196,-0.340962,-0.00752348,5.66027e-05
1615456699.421268700,0.0771964,0.0122164,-0.367062,-0.0194742,0.000379245
1615456699.471560100,0.0753917,0.0123358,-0.359212,-0.0231357,0.000535259
1615456699.496538800,0.0698553,0.0120983,-0.367626,-0.032087,0.00102958
1615456699.541642400,0.062442,0.0125016,-0.357356,-0.0391444,0.00153228
1615456699.591121100,0.0559804,0.014834,-0.337997,-0.0406764,0.00165457
1615456699.675767100,0.0454693,0.0121462,-0.299456,-0.047916,0.00229594
1615456699.701750300,0.0453865,0.0115999,-0.27195,-0.041221,0.00169917
1615456699.741670600,0.0421014,0.00982139,-0.247158,-0.0403029,0.00162432
1615456699.755851400,0.0396266,0.00876748,-0.230111,-0.038003,0.00144423
1615456699.771330000,0.0379807,0.00862102,-0.222009,-0.0370795,0.00137489
1615456699.791055200,0.0375184,0.00752464,-0.212658,-0.0365496,0.00133587
1615456699.801475300,0.0369206,0.00533236,-0.196029,-0.0352024,0.00123921
1615456699.825991100,0.0364165,0.00339786,-0.174994,-0.0316502,0.00100174
1615456699.841404700,0.0356169,0.00284233,-0.167807,-0.030533,0.000932261
1615456699.861517600,0.0348046,0.00114258,-0.151003,-0.0282095,0.000795776
1615456699.871217600,0.0333812,-0.000284029,-0.137643,-0.0272496,0.000742539
1615456700.71180300,0.0251812,-0.0071816,0.0216509,0.00621033,3.85682e-05
1615456700.125806300,0.0191289,-0.00670798,0.0990642,0.0261262,0.000682579
1615456700.261815400,0.0226567,-0.012661,0.179837,0.0511428,0.00261558
1615456700.301555600,0.0159895,-0.0126651,0.257142,0.0620524,0.0038505
1615456700.321037800,0.00655538,-0.0131571,0.313277,0.0610959,0.00373271
1615456700.341719000,0.00278297,-0.0143428,0.339675,0.0604435,0.00365342
1615456700.371147600,0.00242504,-0.0149459,0.351505,0.0628916,0.00395535
1615456700.395145800,-0.00381143,-0.01681,0.380184,0.0586196,0.00343625
1615456700.421351300,-0.00460117,-0.0177302,0.392368,0.0594469,0.00353393
1615456700.501563300,-0.00666048,-0.0188673,0.410047,0.0592257,0.00350769
1615456700.571233900,-0.0128832,-0.0200362,0.417755,0.0515186,0.00265417
1615456700.591896200,-0.0157391,-0.0208163,0.41964,0.0468174,0.00219187
1615456700.671164000,-0.0203089,-0.020004,0.40355,0.0361891,0.00130965
1615456700.701718500,-0.0190672,-0.0193153,0.388171,0.0317214,0.00100625
1615456700.721150200,-0.0166435,-0.018663,0.373797,0.0308443,0.000951369
1615456700.741801500,-0.0162814,-0.0183925,0.368926,0.0301414,0.000908501
1615456700.776062900,-0.016176,-0.018141,0.349273,0.0244269,0.000596672
1615456700.791248800,-0.0147538,-0.0168095,0.331898,0.023079,0.000532639
1615456700.801764000,-0.0139115,-0.0163925,0.326046,0.022954,0.000526888
1615456700.841371800,-0.0149997,-0.0133472,0.302194,0.0172474,0.000297472
1615456700.871339900,-0.013197,-0.0119005,0.277894,0.0162968,0.000265586
1615456700.891260500,-0.0126609,-0.0104768,0.261554,0.015081,0.000227438
1615456700.901227100,-0.00963729,-0.00945732,0.24414,0.0156743,0.000245683
1615456700.921152100,-0.00612357,-0.00854779,0.226103,0.0146653,0.000215071
1615456700.941819400,-0.00391455,-0.00781833,0.21337,0.0149322,0.000222969
1615456700.956130100,-0.00116092,-0.00610612,0.193714,0.0142676,0.000203565
1615456700.976044200,0.000503117,-0.00566303,0.176697,0.0118096,0.000139468
1615456700.990941200,0.00216197,-0.00454781,0.158651,0.0112088,0.000125638
1615456701.8951600,0.00345728,-0.0042829,0.150382,0.0109838,0.000120643
1615456701.56215300,0.00863366,-0.004306,0.099047,0.00584173,3.41258e-05
1615456701.91630700,0.0109907,-0.00361157,0.076321,0.00500065,2.50065e-05
1615456701.121267600,0.0170576,-0.002603,0.0455204,0.00488186,2.38325e-05
1615456701.141174300,0.0216062,-0.00108447,0.0267784,0.00666994,4.44881e-05
1615456701.151496700,0.0270054,0.000262679,-2.69697e-06,0.00755471,5.70736e-05
1615456701.171739700,0.030827,0.000443453,-0.0242971,0.00679386,4.61565e-05
1615456701.261731000,0.0420961,0.00301518,-0.0765978,0.0117036,0.000136973
1615456701.281078700,0.0468344,0.00352689,-0.104075,0.0104914,0.00011007
1615456701.321828300,0.0553057,0.00806656,-0.157702,0.0123205,0.000151795
1615456701.341399100,0.0590495,0.00983389,-0.175426,0.0135155,0.00018267
1615456701.351178700,0.06091,0.0104715,-0.193692,0.0112171,0.000125822
1615456701.391737700,0.0665476,0.0111004,-0.217168,0.0124832,0.000155831
1615456701.651368500,0.0616331,0.0223784,-0.36518,-0.0259739,0.000674641
1615456701.676070700,0.0573396,0.0239002,-0.37254,-0.0324557,0.00105338
1615456701.690889800,0.0554331,0.023536,-0.371263,-0.0359811,0.00129464
1615456701.726077800,0.0540786,0.0226828,-0.367458,-0.0398608,0.00158889
1615456701.751524600,0.0470851,0.0220635,-0.368712,-0.0508243,0.00258311
1615456701.791606500,0.0415641,0.0213514,-0.366739,-0.0583785,0.00340805
1615456701.801572800,0.0400441,0.0200591,-0.362596,-0.0610402,0.0037259
1615456701.821216900,0.0386512,0.0196497,-0.356629,-0.0626229,0.00392163
1615456701.851417700,0.0362499,0.0182084,-0.348053,-0.0654948,0.00428957
1615456701.875849000,0.0326137,0.0177,-0.339049,-0.0666792,0.00444611
1615456701.911037400,0.0296427,0.0180585,-0.326204,-0.0667468,0.00445513
1615456701.926163600,0.0273059,0.0181413,-0.315177,-0.0662633,0.00439083
1615456701.941369000,0.0276253,0.0187338,-0.30338,-0.0623847,0.00389185
1615456701.991881400,0.0243671,0.0165299,-0.266417,-0.0579633,0.00335975
1615456702.1388300,0.0235321,0.015317,-0.256286,-0.0577334,0.00333314
1615456702.22025200,0.0229487,0.0145551,-0.243914,-0.0566011,0.00320369
1615456702.41008200,0.0230963,0.0146725,-0.230142,-0.0528477,0.00279288
1615456702.51187900,0.0229057,0.014325,-0.224179,-0.0514816,0.00265036
1615456702.71848700,0.0213758,0.0148164,-0.212532,-0.0489739,0.00239844
1615456702.91433000,0.0199859,0.0140118,-0.197471,-0.0457968,0.00209735
1615456702.101956300,0.0194019,0.0135097,-0.185061,-0.0423543,0.00179389
1615456702.121613800,0.0189149,0.0122047,-0.168677,-0.038869,0.0015108
1615456702.140880400,0.0192233,0.0115526,-0.158819,-0.0366466,0.00134297
1615456702.176012300,0.0185533,0.0103708,-0.12319,-0.0268649,0.000721722
1615456702.210973100,0.0198848,0.00903425,-0.0922056,-0.0173072,0.00029954
1615456702.241203800,0.0210442,0.00786268,-0.06793,-0.010542,0.000111133
1615456702.264746400,0.0213983,0.00600106,-0.0403571,-0.00259429,6.73035e-06
1615456702.421490500,0.0271425,-0.00131649,0.116919,0.0445172,0.00198178
1615456702.571485200,0.0323683,-0.017659,0.257694,0.0760365,0.00578155
1615456702.591523000,0.0293956,-0.0200735,0.285267,0.0779499,0.00607619
1615456702.601424000,0.0299843,-0.0214445,0.293504,0.0788563,0.00621832
1615456702.636241800,0.0308092,-0.0230552,0.318292,0.0831992,0.00692211
1615456702.671150400,0.0288022,-0.0244992,0.348669,0.0871581,0.00759653
1615456702.691028100,0.0289227,-0.0251617,0.355375,0.0873502,0.00763007
1615456702.701249200,0.0268192,-0.0259304,0.36773,0.0871964,0.00760321
1615456702.725907900,0.0262718,-0.0268004,0.376175,0.0882756,0.00779258
1615456702.741573000,0.0236592,-0.0261222,0.384773,0.0870337,0.00757487
1615456702.760856300,0.0215264,-0.0271646,0.399457,0.0848889,0.00720612
1615456702.791165600,0.018212,-0.0266921,0.409203,0.0812853,0.0066073
1615456702.805933700,0.0162556,-0.0274082,0.418525,0.0801901,0.00643046
1615456702.825879900,0.0135147,-0.0272533,0.420701,0.0780966,0.00609908
1615456702.851190800,0.0107987,-0.0296086,0.421644,0.071186,0.00506745
1615456702.876021800,0.00695724,-0.0314654,0.426078,0.0646352,0.00417771
1615456702.890954500,0.00595848,-0.0317145,0.428489,0.0635595,0.00403981
1615456702.921479800,0.000676928,-0.0320785,0.427356,0.0549883,0.00302371
1615456702.956138900,-0.00231117,-0.0319739,0.42292,0.049811,0.00248114
1615456702.971283100,-0.00378251,-0.0310424,0.418792,0.0465977,0.00217134
1615456702.991926600,-0.00549176,-0.0320249,0.411405,0.0414248,0.00171601
1615456703.41559500,-0.00722391,-0.0322601,0.392787,0.03282,0.00107715
1615456703.61029500,-0.0082497,-0.0321274,0.383119,0.0296448,0.000878813
1615456703.91828200,-0.00752784,-0.0311831,0.365608,0.0272226,0.000741072
1615456703.121189500,-0.00565923,-0.030173,0.340177,0.0234589,0.00055032
1615456703.141793200,-0.0056806,-0.0293091,0.328396,0.0207853,0.00043203
1615456703.156100000,-0.00578023,-0.0292472,0.321388,0.0195726,0.000383085
1615456703.176134100,-0.00584335,-0.0279903,0.306858,0.0162483,0.000264007
1615456703.191349500,-0.00469726,-0.0272638,0.298213,0.0154768,0.00023953
1615456703.226172100,-0.00501025,-0.0268389,0.276547,0.008973,8.05148e-05
1615456703.241756000,0.000476894,-0.0275498,0.246562,0.00795531,6.3287e-05
1615456703.261272900,0.00246761,-0.0270556,0.22131,0.00691402,4.78037e-05
1615456703.351332600,0.00914427,-0.0225642,0.144468,0.0005759,3.31661e-07
1615456703.371257800,0.0117008,-0.0218049,0.12429,-0.00102228,1.04505e-06
1615456703.391335800,0.0135985,-0.0197096,0.103209,-0.000703156,4.94428e-07
1615456703.411163700,0.0149684,-0.0181884,0.0787939,-0.00280547,7.87067e-06
1615456703.441605000,0.0181505,-0.0165181,0.0480987,-0.00469708,2.20626e-05
1615456703.521340300,0.0256323,-0.0107576,-0.0255073,-0.00725257,5.25998e-05
1615456703.540798600,0.0296845,-0.00919832,-0.0516752,-0.00885952,7.8491e-05
1615456703.556132800,0.0320054,-0.00809377,-0.0731627,-0.0102651,0.000105373
1615456703.591132000,0.036797,-0.00585323,-0.0968954,-0.0099085,9.81783e-05
1615456703.605890700,0.0399183,-0.00401338,-0.117957,-0.0101707,0.000103443
1615456703.621517100,0.0411391,-0.00385078,-0.128909,-0.0111205,0.000123665
1615456703.651352400,0.0460659,-0.00312533,-0.154967,-0.0117328,0.000137659
1615456703.671333700,0.0483376,-0.00359503,-0.179503,-0.0155559,0.000241987
1615456704.126035500,0.0416391,0.0143062,-0.339799,-0.0570536,0.00325512
1615456704.191870100,0.0340651,0.0142422,-0.313293,-0.0604394,0.00365292
1615456704.241045100,0.0303508,0.0142862,-0.290473,-0.0592965,0.00351607
1615456704.251922200,0.0299575,0.0153096,-0.280979,-0.0567338,0.00321873
1615456704.272519800,0.028372,0.014935,-0.262376,-0.0529962,0.0028086
1615456704.291167600,0.0265643,0.0144566,-0.247524,-0.0508921,0.00259001
1615456704.321341800,0.0248257,0.0132074,-0.232921,-0.0504379,0.00254398
1615456704.341014300,0.024284,0.0116395,-0.214238,-0.0469586,0.00220511
1615456704.351816900,0.0241724,0.0117558,-0.199247,-0.0431392,0.00186099
1615456704.471339800,0.0229949,0.0062525,-0.0958919,-0.0203192,0.000412868
1615456704.491421500,0.02386,0.00634082,-0.0777798,-0.0143173,0.000204984
1615456704.506094300,0.0239636,0.00599844,-0.0638661,-0.00993967,9.8797e-05
1615456705.24024600,0.0169891,-0.0115828,0.376681,0.0864955,0.00748146
1615456705.41055000,0.0169734,-0.0137218,0.381476,0.084813,0.00719324
1615456705.141484000,0.00835181,-0.0220419,0.407044,0.0716903,0.0051395
1615456705.151246100,0.00597116,-0.0232078,0.407055,0.0677118,0.00458488
1615456705.176020200,0.0036793,-0.025081,0.406106,0.0626602,0.0039263
1615456705.191197300,0.00220678,-0.025541,0.401635,0.0591593,0.00349983
1615456705.202458200,0.00183141,-0.0260251,0.401178,0.0582923,0.00339799
1615456705.225981400,0.000793914,-0.0265161,0.395167,0.0546776,0.00298964
1615456705.241571500,0.000194162,-0.0260185,0.388356,0.0517008,0.00267298
1615456705.266107900,-0.000250143,-0.0255692,0.380382,0.0490817,0.00240902
1615456705.291071000,0.000647212,-0.0252243,0.367444,0.046491,0.00216142
1615456705.303050100,0.00100023,-0.0245978,0.360349,0.044687,0.00199693
1615456705.321631000,5.92957e-05,-0.0232222,0.352081,0.0427744,0.00182965
1615456705.341107200,0.00160257,-0.0229028,0.346225,0.0433198,0.00187661
1615456705.352018500,0.000628058,-0.0226729,0.33589,0.0396985,0.00157597
1615456705.390938400,0.000988886,-0.0227145,0.309644,0.0338433,0.00114537
1615456705.402897300,0.00143838,-0.0225115,0.304054,0.0331449,0.00109858
1615456705.425905600,0.00290706,-0.0225338,0.294538,0.0309344,0.000956937
1615456705.441973600,0.00304843,-0.0221448,0.27903,0.0279651,0.000782045
1615456705.451212300,0.00339645,-0.021696,0.265765,0.0260271,0.000677409
1615456705.474843200,0.00411984,-0.0199525,0.243423,0.0236919,0.000561306
1615456705.496220000,0.00451779,-0.0188981,0.235338,0.0231655,0.000536642
1615456705.531207100,0.00654225,-0.0170148,0.201037,0.0187147,0.000350239
1615456705.580935500,0.00784086,-0.0165383,0.160053,0.0113446,0.000128699
1615456705.621892200,0.00889251,-0.0160215,0.127107,0.0057435,3.29878e-05
1615456705.640818400,0.0122902,-0.0171032,0.102215,0.00251633,6.33191e-06
1615456705.656125300,0.0140582,-0.0167326,0.0895477,0.000947475,8.9771e-07
1615456705.686190700,0.0160205,-0.0154011,0.0622671,-0.00117505,1.38073e-06
1615456705.711955400,0.0165096,-0.0159444,0.0389604,-0.00548303,3.00636e-05
1615456705.721228700,0.0184517,-0.0158664,0.0193806,-0.00798494,6.37592e-05
1615456705.821015600,0.0259621,-0.0145352,-0.0393643,-0.012199,0.000148817
1615456705.840978500,0.0292068,-0.0129237,-0.064345,-0.0135524,0.000183667
1615456705.861637100,0.0332912,-0.0098892,-0.10688,-0.0177122,0.000313723
1615456705.891248200,0.0362818,-0.0087296,-0.128344,-0.0188075,0.000353723
1615456705.903500600,0.0392363,-0.0067622,-0.151714,-0.020498,0.00042017
1615456705.941559300,0.0441374,-0.00493665,-0.181859,-0.0217323,0.000472294
1615456705.951918900,0.0453952,-0.00416704,-0.190136,-0.0220402,0.000485773
1615456705.991260500,0.049219,0.000530247,-0.208866,-0.0173497,0.000301013
1615456706.4239200,0.0501363,0.00277394,-0.217717,-0.0162287,0.00026337
1615456706.27154400,0.0508321,0.00545806,-0.245864,-0.0210931,0.000444918
1615456706.52012400,0.0517409,0.00725821,-0.262146,-0.0216027,0.000466679
1615456706.76090700,0.052506,0.00904269,-0.273866,-0.0225638,0.000509123
1615456706.91148000,0.0533217,0.011858,-0.283096,-0.0228926,0.000524071
1615456706.104130300,0.0536944,0.0137389,-0.298085,-0.0250573,0.000627866
1615456706.121260300,0.0543377,0.0141917,-0.301696,-0.0258433,0.000667874
1615456706.141741800,0.0543634,0.0142407,-0.30517,-0.0271265,0.000735847
1615456706.151529800,0.0533048,0.0141347,-0.31046,-0.0304525,0.000927358
1615456706.171600500,0.053249,0.0154436,-0.319064,-0.0318342,0.00101342
1615456706.191546000,0.051852,0.0164026,-0.323664,-0.0342063,0.00117007
1615456706.221601100,0.0492308,0.0165034,-0.326007,-0.0387939,0.00150496
1615456706.241657700,0.0487084,0.0166391,-0.330768,-0.0407801,0.00166302
1615456706.281550300,0.0444353,0.0170818,-0.329264,-0.0455246,0.00207249
1615456706.304142100,0.0425822,0.0173165,-0.325564,-0.0472154,0.00222929
1615456706.341659300,0.0388676,0.0167083,-0.314219,-0.0498047,0.00248051
1615456706.390969400,0.0350421,0.0139071,-0.297702,-0.0536317,0.00287636
1615456706.404902100,0.0338814,0.011138,-0.284605,-0.0546007,0.00298124
1615456706.451458800,0.0334894,0.0111287,-0.260916,-0.0499709,0.00249709
1615456706.474689900,0.0328472,0.0109218,-0.245397,-0.0476301,0.00226862
1615456706.531515500,0.0298722,0.011353,-0.206785,-0.039757,0.00158062
1615456706.551575000,0.0296064,0.0112464,-0.201034,-0.0382749,0.00146497
1615456706.561313500,0.0290076,0.0105826,-0.183487,-0.0337951,0.00114211
1615456706.591409100,0.0278289,0.00833373,-0.164336,-0.0317258,0.00100653
1615456706.610857600,0.0260916,0.00845992,-0.151614,-0.0292777,0.000857183
1615456706.621244000,0.0265612,0.0091335,-0.132521,-0.0226065,0.000511053
1615456706.641311700,0.0265361,0.00931054,-0.120858,-0.0186586,0.000348145
1615456706.651576000,0.0268553,0.0094772,-0.107751,-0.0152958,0.000233962
1615456706.676070400,0.0278091,0.00883908,-0.0836249,-0.00873244,7.62555e-05
1615456706.690989400,0.0277029,0.00775249,-0.072312,-0.0067687,4.58153e-05
1615456706.704874200,0.0272485,0.00692862,-0.0569037,-0.00367117,1.34775e-05
1615456706.726165400,0.0262679,0.00665083,-0.0351013,0.00231183,5.34454e-06
1615456706.751901500,0.0263782,0.00496052,-0.0094444,0.00785029,6.1627e-05
1615456706.775988300,0.0246213,0.00564786,0.00954705,0.0134667,0.000181352
1615456706.826212000,0.0230967,0.00512393,0.0411989,0.0222885,0.000496777
1615456707.321653900,-0.00768699,-0.00238926,0.400503,0.0753798,0.00568211
1615456707.351934100,-0.0101231,-0.00351326,0.401602,0.0715341,0.00511713
1615456707.371382700,-0.0123301,-0.00341535,0.4016,0.0667256,0.00445231
1615456707.392004000,-0.0131702,-0.00387178,0.396507,0.0631531,0.00398832
1615456707.421344400,-0.0135973,-0.00370042,0.39023,0.0601054,0.00361266
1615456707.671315200,-0.00344759,0.00414396,0.21674,0.0328783,0.00108099
1615456708.151950500,0.0517422,-0.0119927,-0.209391,-0.0233743,0.000546356
1615456708.171666700,0.0532211,-0.0100167,-0.224825,-0.0236016,0.000557035
1615456708.191084300,0.05552,-0.00885712,-0.235476,-0.0228295,0.000521185
1615456708.241029000,0.0571795,-0.00669269,-0.270386,-0.0270836,0.000733523
1615456708.271356800,0.057241,-0.00432348,-0.289661,-0.0293192,0.000859614
1615456708.292048800,0.0570011,-0.00333154,-0.298559,-0.0319923,0.0010235
1615456708.341109200,0.055716,-0.00244305,-0.315586,-0.0382182,0.00146063
1615456708.351907000,0.0538387,-0.00246769,-0.327402,-0.0442258,0.00195592
1615456708.371278100,0.053798,-0.00227235,-0.333176,-0.0456339,0.00208245
1615456708.391821200,0.0511337,-0.0020712,-0.342277,-0.0516536,0.0026681
1615456708.441779400,0.0494834,-0.00465213,-0.338638,-0.0571911,0.00327083
1615456708.476261100,0.0424669,-0.00686448,-0.349762,-0.0720857,0.00519635
1615456708.491877300,0.0398665,-0.00724901,-0.3501,-0.0760526,0.005784
1615456708.511716800,0.0380902,-0.00817297,-0.345705,-0.0790986,0.0062566
1615456708.531666900,0.0371044,-0.00876491,-0.348129,-0.0820022,0.00672436
1615456708.755938500,0.0146794,-0.00148613,-0.272795,-0.0873678,0.00763313
1615456708.771045000,0.0130133,-2.31275e-05,-0.266755,-0.0858793,0.00737525
1615456708.851469900,0.0121345,0.00248611,-0.222031,-0.074455,0.00554355
1615456708.891882700,0.0126167,0.00515524,-0.194777,-0.0645925,0.00417219
1615456709.321940600,0.0270306,-0.000868736,0.261865,0.0865031,0.00748278
1615456709.341998000,0.0266778,-0.00136834,0.271784,0.0889351,0.00790945
1615456709.351294000,0.0265746,-0.00117533,0.280001,0.0910243,0.00828542
1615456709.376274300,0.025145,-0.00146104,0.302036,0.0950517,0.00903482
1615456709.391184100,0.0251685,-0.00202528,0.309325,0.0961698,0.00924862
1615456709.641798000,0.00422456,-0.00921713,0.42635,0.0877894,0.00770697
1615456709.651553100,0.002711,-0.00929143,0.425967,0.0851154,0.00724464
1615456709.752031200,-0.00738354,-0.00708537,0.416115,0.0666919,0.00444781
1615456709.771954800,-0.00919751,-0.00730361,0.407219,0.0613821,0.00376776
1615456709.791557400,-0.00909739,-0.00680977,0.398427,0.0579855,0.00336232
1615456710.241269100,0.0186196,0.00149987,0.0419073,0.0107378,0.0001153
1615456710.326297600,0.0252333,0.0041271,-0.0148996,0.00941509,8.86439e-05
1615456710.341891500,0.0307052,0.00419215,-0.0551779,0.00622344,3.87312e-05
1615456710.356071300,0.0325293,0.00477514,-0.0707799,0.00537011,2.88381e-05
1615456710.371532900,0.0358437,0.00555002,-0.0879916,0.00493643,2.43683e-05
1615456710.391304500,0.0375073,0.00639905,-0.0965239,0.00513425,2.63606e-05
1615456710.409309500,0.0412331,0.00845356,-0.119936,0.00464222,2.15502e-05
1615456710.440984500,0.0459553,0.00938461,-0.147056,0.00325829,1.06164e-05
1615456710.456178800,0.0488071,0.0093947,-0.167763,0.00178152,3.17383e-06
1615456710.471326500,0.0503184,0.00924644,-0.178948,0.00097549,9.5158e-07
1615456710.491956200,0.0528828,0.010514,-0.196798,0.000420392,1.76729e-07
1615456710.511047600,0.0536055,0.0111597,-0.209565,-0.00174445,3.0431e-06
1615456710.521493600,0.0560836,0.0118651,-0.221251,-0.00143301,2.05353e-06
1615456710.541945900,0.0577752,0.013258,-0.237124,-0.00250626,6.28132e-06
1615456710.560088500,0.0580663,0.0144512,-0.256723,-0.00642467,4.12763e-05
1615456710.571554200,0.058541,0.0151821,-0.265135,-0.007052,4.97308e-05
1615456710.591048600,0.0597528,0.0155469,-0.272972,-0.00781262,6.1037e-05
1615456710.609552300,0.060525,0.016154,-0.286821,-0.0102421,0.000104901
1615456710.671366800,0.0629841,0.0177675,-0.320845,-0.016395,0.000268797
1615456710.691493800,0.0606882,0.016956,-0.333209,-0.0236197,0.000557891
1615456710.701127500,0.0610144,0.0167551,-0.340144,-0.0249313,0.00062157
1615456710.721091200,0.0596002,0.015732,-0.347576,-0.0298857,0.000893156
1615456710.741336700,0.0569428,0.0151773,-0.353283,-0.0347734,0.00120919
1615456710.776046600,0.0548335,0.0141527,-0.366205,-0.0427729,0.00182953
1615456710.791621700,0.0532118,0.0128282,-0.366373,-0.0462646,0.00214042
1615456710.811152700,0.0520126,0.0108782,-0.365148,-0.0503349,0.0025336
1615456710.821268800,0.0494537,0.00938722,-0.365583,-0.0554281,0.00307228
1615456710.876366700,0.0454262,0.00635555,-0.356595,-0.0631567,0.00398877
1615456710.892043800,0.0420882,0.00739607,-0.35783,-0.0682098,0.00465258
1615456710.909577800,0.0412612,0.00692097,-0.357331,-0.069762,0.00486674
1615456710.941639100,0.035252,0.00719995,-0.342202,-0.0726987,0.0052851
1615456710.951419300,0.0337498,0.00682186,-0.336769,-0.0737818,0.00544375
1615456710.971337900,0.0319868,0.00630993,-0.328373,-0.0746946,0.00557929
1615456710.992252900,0.0315517,0.00580947,-0.324517,-0.0744423,0.00554166
1615456711.11238600,0.0296224,0.00512182,-0.314834,-0.0752885,0.00566835
1615456711.51425000,0.0260434,0.00542072,-0.293207,-0.0753883,0.0056834
1615456711.71147700,0.0263886,0.00618163,-0.272408,-0.0682274,0.00465498
1615456711.171459800,0.0176167,0.00599642,-0.224364,-0.0657859,0.00432779
1615456711.391679000,0.0236947,-0.000920326,-0.0187546,-0.00175452,3.07835e-06
1615456711.410239800,0.0229907,-0.00131218,-0.000652485,0.00398129,1.58507e-05
1615456711.421691800,0.0230607,-0.00144708,0.012847,0.00859314,7.38421e-05
1615456711.512108200,0.0242046,-0.00655992,0.08591,0.030996,0.000960754
1615456711.531697900,0.0256372,-0.00746194,0.100746,0.036375,0.00132314
1615456711.591542600,0.0294846,-0.0100832,0.130613,0.0480989,0.0023135
1615456711.660901600,0.0279697,-0.0128648,0.230742,0.0720563,0.00519211
1615456711.711522400,0.0283671,-0.0154938,0.273053,0.0815052,0.00664309
1615456711.750910200,0.0288989,-0.0152703,0.289708,0.0862637,0.00744143
1615456711.801577700,0.0305916,-0.0156764,0.312864,0.09438,0.00890758
1615456711.851776200,0.0299778,-0.0180213,0.325239,0.0943688,0.00890546
1615456711.946410600,0.011173,-0.0242796,0.394443,0.077244,0.00596664
1615456712.21979300,0.00692113,-0.0210946,0.388151,0.0696886,0.0048565
1615456712.91814700,0.0010477,-0.0201014,0.37188,0.0579627,0.00335968
1615456712.175996300,-0.00285041,-0.0167325,0.338477,0.0443361,0.00196569
1615456712.191657100,-0.00370244,-0.0151584,0.328885,0.0418125,0.00174829
1615456712.202036400,-0.0043545,-0.0162113,0.321137,0.0379796,0.00144245
1615456712.271557600,-0.00621919,-0.0174236,0.289746,0.0236772,0.000560611
1615456712.290966900,-0.000320613,-0.0166889,0.269085,0.026978,0.00072781
1615456712.321551200,0.0099629,-0.016491,0.205569,0.0248985,0.000619935
1615456712.341290600,0.0122493,-0.0163507,0.1868,0.0229595,0.000527137
1615456712.351564100,0.0129423,-0.0161922,0.175794,0.0206653,0.000427055
1615456712.371668200,0.0124745,-0.0161307,0.162683,0.0173747,0.000301879
1615456712.391750700,0.014244,-0.0149169,0.145004,0.0155659,0.000242297
1615456712.411433800,0.0164044,-0.0141603,0.133836,0.0144326,0.0002083
1615456712.431617900,0.0171262,-0.0145952,0.118282,0.010629,0.000112975
1615456712.471559600,0.0183862,-0.0125862,0.0908179,0.00713778,5.09478e-05
1615456712.491757000,0.0201639,-0.0117268,0.078629,0.00679231,4.61354e-05
1615456712.551982900,0.022708,-0.00881227,0.0378515,0.00229311,5.25835e-06
1615456712.591040800,0.0249615,-0.00446606,0.0197383,0.00445262,1.98258e-05
1615456712.606392000,0.0269426,-0.00175536,0.0037244,0.0055902,3.12503e-05
1615456712.641607000,0.0301155,0.000834803,-0.0154659,0.0069012,4.76266e-05
1615456712.676326700,0.0355023,0.00187086,-0.0579242,0.00427648,1.82883e-05
1615456712.691200600,0.040687,0.00523756,-0.112301,-0.00253728,6.43779e-06
1615456712.725969500,0.0439682,0.0069975,-0.153975,-0.00874448,7.64659e-05
1615456712.741858500,0.0455702,0.00762417,-0.167985,-0.010929,0.000119443
1615456712.776190200,0.047331,0.0102334,-0.200601,-0.0143594,0.000206191
1615456712.801503600,0.0495089,0.0133369,-0.219544,-0.0138787,0.000192618
1615456712.821346600,0.0501008,0.0132005,-0.235438,-0.0170087,0.000289297
1615456712.841961200,0.0507706,0.0139856,-0.244453,-0.0175331,0.00030741
1615456712.876129600,0.0511498,0.0155879,-0.272576,-0.0241877,0.000585044
1615456712.905963700,0.0521406,0.0154195,-0.293172,-0.0286799,0.000822537
1615456712.925996500,0.0513527,0.0163731,-0.299941,-0.0294499,0.000867295
1615456712.976159300,0.0510043,0.0155179,-0.312001,-0.0331955,0.00110194
1615456713.21538300,0.049863,0.0109638,-0.310398,-0.0399451,0.00159561
1615456713.51944200,0.0471466,0.0098264,-0.320236,-0.0478022,0.00228505
1615456713.91716400,0.0395687,0.00900353,-0.331042,-0.0611176,0.00373536
1615456713.111856400,0.0375516,0.00757445,-0.328313,-0.0645603,0.00416803
1615456713.151419500,0.0332997,0.00731053,-0.314208,-0.0666865,0.00444708
1615456713.171526300,0.0321913,0.0069215,-0.304033,-0.0666534,0.00444267
1615456713.191474200,0.0319533,0.00617251,-0.297791,-0.0661626,0.0043775
1615456713.206170600,0.0304956,0.00646019,-0.286994,-0.0646123,0.00417475
1615456713.272099200,0.0246426,0.00640637,-0.257335,-0.0636085,0.00404604
1615456713.291076400,0.0262167,0.00575922,-0.231571,-0.0541826,0.00293575
1615456713.321482800,0.0237309,0.00333495,-0.214669,-0.0533274,0.00284382
1615456713.341380300,0.0231572,0.00348654,-0.199517,-0.0493659,0.002437
1615456713.371685600,0.0221199,0.00250342,-0.182079,-0.047331,0.00224022
1615456713.391786700,0.0217407,0.00175277,-0.161141,-0.0417167,0.00174028
1615456713.411751700,0.0215858,0.00040666,-0.139225,-0.0352954,0.00124576
1615456713.441205600,0.0211156,-0.000826439,-0.115056,-0.0294679,0.00086836
1615456713.461185400,0.0209088,-0.00166029,-0.102548,-0.0270147,0.000729796
1615456713.481289200,0.0198705,-0.00272119,-0.0837492,-0.0227889,0.000519336
1615456713.506461600,0.0205253,-0.00356774,-0.0523736,-0.0143107,0.000204797
1615456713.521397400,0.0199689,-0.0040279,-0.0426398,-0.0119798,0.000143516
1615456713.551327700,0.0185221,-0.00539734,-0.0226327,-0.00738347,5.45156e-05
1615456713.571614800,0.017658,-0.00646257,-0.00812306,-0.00431651,1.86322e-05
1615456713.596079200,0.0182341,-0.00817069,0.0238282,0.00397003,1.57611e-05
1615456713.610984700,0.0175612,-0.00848798,0.0367341,0.00724548,5.2497e-05
1615456713.631758600,0.0180857,-0.0096402,0.0582511,0.0128734,0.000165723
1615456713.641575200,0.0178054,-0.011936,0.0689517,0.0139905,0.000195735
1615456713.656245100,0.0166437,-0.011953,0.0836837,0.0178015,0.000316894
1615456713.671791100,0.0162674,-0.0134568,0.0969365,0.0205799,0.000423534
1615456713.691939800,0.0166865,-0.0134662,0.112407,0.0248696,0.000618498
1615456713.706212800,0.0169805,-0.0135172,0.127987,0.0300964,0.000905792
1615456713.721387000,0.0171625,-0.012944,0.1456,0.0354932,0.00125976
1615456713.742008600,0.0159688,-0.0129704,0.159173,0.0382522,0.00146323
1615456713.751701200,0.0152354,-0.0133593,0.177543,0.0427856,0.00183061
1615456713.776141900,0.0168069,-0.01401,0.190671,0.0469416,0.00220351
1615456713.791896800,0.014989,-0.0144641,0.203901,0.048784,0.00237988
1615456713.811263900,0.0149266,-0.0147084,0.223326,0.053945,0.00291007
1615456713.826785300,0.0161949,-0.0141901,0.235624,0.0586434,0.00343905
1615456713.851611400,0.0155418,-0.0141061,0.260026,0.0642748,0.00413125
1615456713.871646400,0.013859,-0.0146683,0.27534,0.0666489,0.00444208
1615456713.891663200,0.0127318,-0.0156278,0.290798,0.0688177,0.00473587
1615456713.901464900,0.0109554,-0.0172352,0.3039,0.0689626,0.00475584
1615456713.921572700,0.0111073,-0.0189062,0.314129,0.0705291,0.00497435
1615456713.942043800,0.00907089,-0.0191031,0.325005,0.0708583,0.00502089
1615456713.956223000,0.00703451,-0.0190698,0.338396,0.0724625,0.00525082
1615456713.971314300,0.00649344,-0.0186708,0.345114,0.0736932,0.00543069
1615456713.991854400,0.00468367,-0.018883,0.357148,0.0742644,0.0055152
1615456714.6068900,0.00259067,-0.0195419,0.368535,0.0739018,0.00546148
1615456714.26155800,0.000922242,-0.0200228,0.377518,0.072772,0.00529577
1615456714.41078000,0.000466363,-0.0191341,0.382719,0.0735575,0.00541071
1615456714.61707000,-0.00198361,-0.017965,0.389964,0.0727963,0.0052993
1615456714.91219600,-0.00506973,-0.0165771,0.4025,0.0725446,0.00526272
1615456714.126386000,-0.00787396,-0.0161849,0.404246,0.0683008,0.004665
1615456714.141939600,-0.0110134,-0.0164867,0.414058,0.0658616,0.00433776
1615456714.176118200,-0.0132655,-0.0145707,0.408085,0.061622,0.00379727
1615456714.191053200,-0.0178901,-0.0140257,0.411758,0.0562197,0.00316065
1615456714.226363900,-0.0207974,-0.0126309,0.411069,0.0519528,0.0026991
1615456714.246343300,-0.0219804,-0.0131643,0.40664,0.048458,0.00234818
1615456714.261714900,-0.0244312,-0.012042,0.400637,0.0447287,0.00200066
1615456714.271949300,-0.0265185,-0.0116477,0.393611,0.0409703,0.00167857
1615456714.291423300,-0.0266997,-0.011318,0.39112,0.0405745,0.00164629
1615456714.322271100,-0.0278928,-0.0114529,0.370968,0.0315676,0.000996516
1615456714.351667200,-0.0281214,-0.0106533,0.355724,0.027723,0.000768566
1615456714.391892500,-0.0289861,-0.00974866,0.334467,0.0201379,0.000405535
1615456714.406257600,-0.0272897,-0.00957089,0.317879,0.0189312,0.000358391
1615456714.421530200,-0.0257585,-0.00950305,0.30849,0.0185843,0.000345377
1615456714.442010500,-0.0246798,-0.00832746,0.294201,0.0173909,0.000302444
1615456714.451797900,-0.0221775,-0.00724949,0.282815,0.0180081,0.00032429
1615456714.476132500,-0.0207921,-0.00700042,0.270817,0.0159089,0.000253093
1615456714.491388300,-0.0178006,-0.00700058,0.257982,0.0171127,0.000292846
1615456714.513779400,-0.0167462,-0.005576,0.242355,0.0149693,0.00022408
1615456714.531900700,-0.0130522,-0.006339,0.224964,0.0145864,0.000212764
1615456714.561444400,-0.0099332,-0.00518505,0.196997,0.0111784,0.000124956
1615456714.601467800,-0.00782744,-0.00303619,0.173425,0.00880253,7.74846e-05
1615456714.632049100,-0.00432716,-0.00154588,0.150746,0.00973618,9.47932e-05
1615456714.956383800,0.0470605,0.0123231,-0.123328,0.0173178,0.000299905
1615456715.106255600,0.06763,0.0214347,-0.24407,0.0172096,0.000296172
1615456715.121793200,0.0690024,0.0224067,-0.272426,0.0103787,0.000107717
1615456715.141841800,0.0686758,0.022424,-0.29834,0.00198323,3.93318e-06
1615456715.156214000,0.0692334,0.0215578,-0.304015,-0.00010252,1.05103e-08
1615456715.191618700,0.0676487,0.022131,-0.335283,-0.0118428,0.000140253
1615456715.206316600,0.0677198,0.0214555,-0.34296,-0.0147732,0.000218247
1615456715.221795200,0.0676502,0.0202085,-0.346888,-0.0185714,0.000344896
1615456715.241888700,0.06848,0.0202865,-0.351311,-0.0188873,0.000356729
1615456715.261427000,0.067747,0.0183929,-0.352483,-0.0222089,0.000493234
1615456715.301002900,0.0626874,0.0190159,-0.353475,-0.0272505,0.000742591
1615456715.321385600,0.0616859,0.0196588,-0.356274,-0.0309591,0.000958464
1615456715.351382700,0.0591324,0.0199588,-0.350418,-0.0346807,0.00120275
1615456715.381245500,0.0578269,0.020334,-0.346185,-0.0363194,0.0013191
1615456715.421733600,0.0514854,0.0211629,-0.333483,-0.0394989,0.00156016
1615456715.441798000,0.0490093,0.0196812,-0.324851,-0.041993,0.00176341
1615456715.466421300,0.0480247,0.0192729,-0.313373,-0.04133,0.00170817
1615456715.481195400,0.0471493,0.0189239,-0.308872,-0.0412815,0.00170416
1615456715.481833000,0.0472534,0.0179217,-0.300858,-0.0414591,0.00171886
1615456715.501823800,0.0454019,0.0164734,-0.287067,-0.0414148,0.00171519
1615456715.776323600,0.0303472,0.00303287,-0.045895,-0.00190002,3.61007e-06
1615456715.971544100,0.0158428,-0.0152426,0.176991,0.0344292,0.00118537
1615456715.991615400,0.0162421,-0.0154573,0.18767,0.036926,0.00136353
1615456716.141033700,0.0195752,-0.0164159,0.257859,0.064985,0.00422305
1615456716.156372400,0.0188447,-0.0159865,0.266947,0.067108,0.00450348
1615456716.171431200,0.0118841,-0.0173942,0.302905,0.065808,0.00433069
1615456716.192004400,0.00753595,-0.0191043,0.322548,0.064613,0.00417484
1615456716.211378300,0.00499485,-0.0197123,0.334981,0.0641674,0.00411745
1615456716.241122400,0.00400131,-0.0210509,0.347072,0.0661318,0.00437341
1615456716.251949400,-0.000567261,-0.0223524,0.362629,0.063081,0.00397921
1615456716.276479400,-0.0131272,-0.024719,0.402909,0.0529095,0.00279941
1615456716.301806900,-0.0181203,-0.0250188,0.418237,0.0490189,0.00240285
1615456716.326343200,-0.0201105,-0.024838,0.42454,0.0475014,0.00225639
1615456716.341210100,-0.0207706,-0.0249876,0.428209,0.0480119,0.00230514
1615456716.391871600,-0.0209474,-0.0251716,0.424744,0.0451456,0.00203813
1615456716.401679600,-0.0213983,-0.0254435,0.42627,0.0448527,0.00201176
1615456716.441188900,-0.0232653,-0.0238102,0.418051,0.0406772,0.00165464
1615456716.461701800,-0.0206547,-0.0220716,0.404111,0.0405946,0.00164792
1615456716.476391200,-0.0194763,-0.0216462,0.393736,0.0391328,0.00153137
1615456716.491932600,-0.018451,-0.0212635,0.388745,0.039045,0.00152451
1615456716.501682400,-0.0198643,-0.0195546,0.378989,0.0370334,0.00137148
1615456716.526308000,-0.0202102,-0.0190518,0.367597,0.0337632,0.00113996
1615456716.541819200,-0.019727,-0.0186659,0.351796,0.0308472,0.000951549
1615456716.561279900,-0.0151396,-0.0179999,0.335306,0.0340838,0.0011617
1615456716.571582700,-0.0153934,-0.0176479,0.319585,0.0297756,0.000886584
1615456716.591181300,-0.014737,-0.0178329,0.306838,0.0264422,0.000699188
1615456717.121919900,0.0506304,0.0196987,-0.256165,-0.00968391,9.37781e-05
1615456717.152124600,0.0532865,0.0214712,-0.27702,-0.00964159,9.29602e-05
1615456717.176277300,0.0545699,0.0219054,-0.291446,-0.0116289,0.000135232
1615456717.191422000,0.0551572,0.0207612,-0.299789,-0.0136295,0.000185763
1615456717.221829600,0.0561871,0.0207004,-0.326634,-0.0177255,0.000314194
1615456717.241855000,0.0563316,0.0216337,-0.338157,-0.0188515,0.00035538
1615456717.262018700,0.0567657,0.0214235,-0.342826,-0.0199222,0.000396894
1615456717.276377800,0.0577624,0.0217409,-0.350487,-0.0197874,0.00039154
1615456717.301663500,0.0513006,0.0226214,-0.369142,-0.0274158,0.000751627
1615456717.341033500,0.0490305,0.0221962,-0.371995,-0.029602,0.000876278
1615456717.402106700,0.0303859,0.0262475,-0.378772,-0.0411462,0.00169301
1615456717.441911800,0.0110872,0.0328434,-0.387983,-0.0498002,0.00248006
1615456717.456258000,0.00128035,0.0358905,-0.388888,-0.0548178,0.00300499
1615456717.476414200,-0.0131341,0.0426741,-0.391371,-0.0608254,0.00369973
1615456717.531576300,-0.0396966,0.0562292,-0.39136,-0.0722894,0.00522576
1615456717.566325000,-0.0734966,0.0714939,-0.396865,-0.0885958,0.00784922
1615456717.581259300,-0.0822717,0.0746554,-0.39536,-0.0937254,0.00878445
1615456717.591571800,-0.0918018,0.0788616,-0.391178,-0.0992661,0.00985375
1615456717.611277200,-0.108757,0.0862638,-0.398401,-0.108069,0.0116789
1615456717.621693900,-0.117627,0.089037,-0.392373,-0.114147,0.0130295
1615456717.806350800,-0.315776,0.131043,-0.382723,-0.248824,0.0619134
1615456717.856370300,-0.344147,0.136387,-0.362467,-0.264342,0.0698765
